 z
  -2.12432655815639     
  -1.27922851814214     
 -0.899017276430529     
 -0.655979227744235     
 -0.478904288807300     
 -0.385545999672023     
 -0.319505879435230     
 -0.271846564519536     
 -0.192868687467387     
 -0.226699466865951     
 -0.255094838425416     
 -0.256270196333351     
 -0.323609479874007     
 -0.360898564593455     
 -0.482852447652293     
 -0.528830336330818     
 -0.624639475537988     
 -0.744115316444786     
 -0.762598722138799     
 -0.959973702371955     
 -0.984447471755156     
  -1.02395601303883     
  -1.26699406172512     
  -1.50107726775849     
  -1.44308532078080     
  -1.64720530343673     
  -1.74411531644479     
  -1.97819852247815     
  -1.86905405305309     
  -2.22123657116445     
  -2.52226656682843     
  -2.52226656682843     
  -2.52226656682843     
  -2.82329656249241     
  -2.52226656682843     
  -2.82329656249241     
  -2.82329656249241     
 -Infinity              
 -Infinity              
 -Infinity              
 -Infinity              
 -Infinity              
 -Infinity              
  -2.82329656249241     
 -Infinity              
 -Infinity              
 -Infinity              
 -Infinity              
 -Infinity              
 -Infinity              
