 pea
  0.786014279714406     
  0.596178076438471     
  0.442671146577068     
  0.318563628727425     
  0.224485510289794     
  0.153926921461571     
  0.103947921041579     
  7.034859302813944E-002
  4.451910961780765E-002
  2.855942881142377E-002
  1.658966820663587E-002
  1.028979420411592E-002
  5.879882402351953E-003
  2.729945401091978E-003
  1.889962200755985E-003
  1.049979000419992E-003
  8.399832003359933E-004
  8.399832003359933E-004
  6.299874002519950E-004
  4.199916001679967E-004
  4.199916001679967E-004
  2.099958000839983E-004
  2.099958000839983E-004
  2.099958000839983E-004
  2.099958000839983E-004
  2.099958000839983E-004
  2.099958000839983E-004
  2.099958000839983E-004
  2.099958000839983E-004
  2.099958000839983E-004
  2.099958000839983E-004
  2.099958000839983E-004
  2.099958000839983E-004
  2.099958000839983E-004
  2.099958000839983E-004
  2.099958000839983E-004
  2.099958000839983E-004
  2.099958000839983E-004
  2.099958000839983E-004
  2.099958000839983E-004
  2.099958000839983E-004
  2.099958000839983E-004
  2.099958000839983E-004
  2.099958000839983E-004
  2.099958000839983E-004
  2.099958000839983E-004
  2.099958000839983E-004
  2.099958000839983E-004
  2.099958000839983E-004
  2.099958000839983E-004
