 index
  -3.12500000000000     
  -3.37500000000000     
  -3.62500000000000     
  -3.87500000000000     
  -4.12500000000000     
  -4.37500000000000     
  -4.62500000000000     
  -4.87500000000000     
  -5.12500000000000     
  -5.37500000000000     
  -5.62500000000000     
  -5.87500000000000     
  -6.12500000000000     
  -6.37500000000000     
  -6.62500000000000     
  -6.87500000000000     
  -7.12500000000000     
  -7.37500000000000     
  -7.62500000000000     
  -7.87500000000000     
