 z
  -2.92077532233050     
  -2.21462673336736     
  -1.68189323341537     
  -1.40116606161501     
  -1.11686320980244     
 -0.950350955783156     
 -0.812435847541666     
 -0.688414609976934     
 -0.617039433290599     
 -0.559047486312912     
 -0.519805843104849     
 -0.520237332938558     
 -0.513526089523696     
 -0.534127753020693     
 -0.562681770968006     
 -0.579340797752365     
 -0.648740223038788     
 -0.686089348008976     
 -0.725798719114450     
 -0.781421063161602     
 -0.826770299965855     
 -0.876431587435398     
 -0.901312842561073     
 -0.948032652332023     
  -1.01587953447530     
  -1.04571405893880     
  -1.12316159217743     
  -1.15485852836387     
  -1.22180531799449     
  -1.21963925623798     
  -1.31781149200430     
  -1.36047007910954     
  -1.44244936647247     
  -1.41336926370637     
  -1.55125024847305     
  -1.58000081988837     
  -1.63634458848599     
  -1.76191046524933     
  -1.83263923362995     
  -1.86962279988312     
  -1.85073745572275     
  -1.92077532233050     
  -1.97465070311336     
  -2.01318483411188     
  -2.07053764266384     
  -2.28395322474333     
  -2.24408171270564     
  -2.29238639228019     
  -2.20756487887988     
  -2.30098656404211     
