 Eiso
  0.000000000000000E+000
  0.000000000000000E+000
  0.000000000000000E+000
  2.283105022831050E-004
  2.283105022831050E-004
  1.141552511415525E-003
  1.050228310502283E-002
  3.401826484018265E-002
  9.908675799086759E-002
  0.214611872146119     
  0.385388127853881     
  0.513470319634703     
  0.579223744292238     
  0.528995433789954     
  0.409589041095890     
  0.255251141552511     
  0.154337899543379     
  8.904109589041097E-002
  3.744292237442922E-002
  2.077625570776256E-002
