 t90
  4.387258814689694E-002
  8.068521958050011E-002
  0.132626329685447     
  0.197174505349847     
  0.292988203601691     
  0.385271923496888     
  0.496214100420076     
  0.624301886504120     
  0.697422866748948     
  0.758945346679079     
  0.764492455525239     
  0.704482823462242     
  0.600600603252348     
  0.507812600734773     
  0.393844728077316     
  0.281389703286994     
  0.198687353216982     
  0.137164873286850     
  6.757387139866884E-002
  4.185545765738443E-002
