 fluence
  1.089398788043848E-003
  2.451314154040455E-003
  9.804663261702099E-003
  1.443497895742578E-002
  3.104925613376464E-002
  6.563980002174644E-002
  0.145441839915044     
  0.258198638162512     
  0.404727039889589     
  0.576033349042393     
  0.696127512911764     
  0.668879211277651     
  0.498931294448739     
  0.340967227846481     
  0.168848764776937     
  8.306187366801196E-002
  2.587157094895030E-002
  8.169934640522876E-003
  2.723311546840959E-004
  0.000000000000000E+000
