 z
  0.988358635713799     
  0.912723806930356     
  0.760637211518824     
  0.561100142964123     
  0.373340595003063     
  0.235482333719110     
  0.145619170808088     
  9.483286813261624E-002
  6.038532235005787E-002
  3.778337531486146E-002
  2.348696303356253E-002
  1.477295935734223E-002
  9.871332289468310E-003
  5.786643066240044E-003
  4.016611069507795E-003
  2.450813533936960E-003
  1.770031996732249E-003
  1.157328613248009E-003
  6.127033834842399E-004
  6.807815372047111E-005
