 Lp
   1.00000000000000     
   1.00000000000000     
   1.00000000000000     
   1.00000000000000     
   1.00000000000000     
   1.00000000000000     
   1.00000000000000     
  0.999591531077677     
  0.998978827694193     
  0.997072639390020     
  0.985839744026142     
  0.955272653005650     
  0.872761930696439     
  0.707876642385459     
  0.483082578800463     
  0.280141602559739     
  0.137041323439308     
  5.929607189053033E-002
  2.566546395261761E-002
  1.027980121179114E-002
