 index
 -0.455404509770952     
 -0.320456073266804     
 -0.185507636762655     
 -5.055920025850730E-002
  8.438923624564076E-002
  0.219337672749789     
  0.354286109253937     
  0.489234545758085     
  0.624182982262233     
  0.759131418766381     
  0.894079855270529     
   1.02902829177468     
   1.16397672827883     
   1.29892516478297     
   1.43387360128712     
   1.56882203779127     
   1.70377047429542     
   1.83871891079957     
   1.97366734730371     
   2.10861578380786     
