 index
  0.367500011622906     
  0.502500011026859     
  0.637500010430813     
  0.772500009834766     
  0.907500009238720     
   1.04250000864267     
   1.17750000804663     
   1.31250000745058     
   1.44750000685453     
   1.58250000625849     
   1.71750000566244     
   1.85250000506639     
   1.98750000447035     
   2.12250000387430     
   2.25750000327826     
   2.39250000268221     
   2.52750000208616     
   2.66250000149012     
   2.79750000089407     
   2.93250000029802     
