 index
  0.100990000047022     
  0.300970000046073     
  0.500950000045123     
  0.700930000044173     
  0.900910000043223     
   1.10089000004227     
   1.30087000004132     
   1.50085000004037     
   1.70083000003942     
   1.90081000003847     
   2.10079000003752     
   2.30077000003657     
   2.50075000003562     
   2.70073000003467     
   2.90071000003372     
   3.10069000003277     
   3.30067000003182     
   3.50065000003087     
   3.70063000002992     
   3.90061000002897     
   4.10059000002802     
   4.30057000002707     
   4.50055000002612     
   4.70053000002517     
   4.90051000002422     
   5.10049000002327     
   5.30047000002232     
   5.50045000002137     
   5.70043000002042     
   5.90041000001947     
   6.10039000001852     
   6.30037000001757     
   6.50035000001662     
   6.70033000001567     
   6.90031000001472     
   7.10029000001377     
   7.30027000001282     
   7.50025000001187     
   7.70023000001092     
   7.90021000000997     
   8.10019000000903     
   8.30017000000807     
   8.50015000000712     
   8.70013000000617     
   8.90011000000523     
   9.10009000000428     
   9.30007000000333     
   9.50005000000237     
   9.70003000000142     
   9.90001000000048     
