 eiso
  2.320334379902107E+051
  2.151836729748393E+053
  2.203522865556754E+053
  8.740785638779146E+051
  6.838446371850659E+052
  1.683949616127496E+053
  1.283493717699887E+052
  3.386608267682911E+052
  2.537198222864738E+049
  1.146237669930977E+052
  3.772443015087456E+053
  1.657970115259989E+052
  6.333964679833556E+052
  5.955240797343187E+052
  7.411163439581674E+051
  2.700882202746191E+052
  2.923044674496842E+053
  3.012769207681507E+053
  4.156567494124564E+052
  4.947722305724458E+051
  1.489176638299937E+053
  1.220097176940834E+051
  2.994745007678173E+053
  1.498450256645292E+051
  1.522164637827586E+052
  2.623838432721163E+051
  6.340259171443013E+052
  1.154386854949417E+054
  1.930314971073470E+051
  1.222582575111018E+052
  2.111331882809364E+054
  4.247799589867232E+052
  9.166042612526769E+053
  8.404062527461618E+052
  5.481010840883884E+052
  6.349695563714566E+053
  7.118550837124876E+052
  4.051551921858077E+053
  1.029956628927178E+053
  1.046533716827049E+053
  8.365386318902293E+052
  9.024830305777471E+052
  2.205070703993020E+052
  2.619108957172097E+052
  9.863321919534771E+053
  3.046304259461801E+054
  1.999156731540565E+053
  2.036347396876907E+053
  7.860724944579971E+051
  1.146516095706490E+053
  1.141255525505310E+054
  1.292701623837929E+053
  2.397703266621311E+052
  2.992885172922370E+051
  1.006385628426535E+052
  9.018828741845408E+053
  1.922682665217600E+052
  2.593431332163944E+051
  8.464110413217284E+052
  2.490022300629074E+054
  7.852131731117843E+052
  1.037184138503772E+053
  1.401722283151518E+052
  1.770496761455521E+052
  3.755763736998175E+053
  3.580665530259503E+052
  3.361870471592450E+053
  4.560498997243355E+052
  2.797565650930937E+053
  8.950965789243544E+052
  6.510165755801203E+052
  2.394329825627170E+053
  1.490697363228608E+054
  5.474505507757055E+051
  1.379033069743298E+052
  1.039337427395659E+053
  1.118308606601685E+053
  1.129131847077698E+052
  9.748156780824676E+051
  1.017062177582338E+052
  3.013844990504028E+053
  2.887215181695219E+054
  6.099122634553829E+050
  6.313998238795249E+052
  2.704068914969855E+053
  4.565886963583409E+052
  3.674841060741806E+052
  7.621976337723098E+053
  7.094947625157138E+052
  4.338088544723240E+051
  2.655307903674753E+052
  1.215356053494647E+051
  5.561980687166383E+053
  9.742114614424915E+052
  8.735827962257363E+053
  5.218756368649948E+053
  3.985449937178131E+051
  8.732075844962332E+052
  4.237368723577751E+053
  8.123520783899725E+052
  6.027291573231459E+053
  2.627597860159740E+054
  6.951157304630194E+053
  3.351523558297099E+052
  6.263538740714857E+051
  5.296850386923549E+051
  1.312749352630065E+052
  3.132413268015900E+053
  2.292998265172720E+052
  1.058612970561451E+054
  5.095614243909619E+052
  4.214215387067711E+054
  4.663166034683249E+052
  6.677612674964815E+052
  2.161987852112617E+053
  3.640288328738332E+051
  7.654742008041163E+051
  1.559239506414907E+051
  5.280929166559712E+052
  4.406836359018826E+052
  5.502729310435327E+052
  2.682570434886546E+051
  3.034381678757313E+052
  1.176838813233422E+053
  1.455628656270478E+053
  2.122160027777436E+052
  4.291123746617568E+053
  1.548082510004646E+054
  3.987616208458145E+052
  7.324260531608082E+052
  1.301930317185800E+053
  4.192421800323670E+053
  2.706009901997335E+052
  1.955186825002450E+053
  5.939855311438142E+052
  2.386063437194550E+053
  3.592238122110939E+052
  2.725651611727058E+053
  2.205285680197559E+053
  2.727921239433241E+052
  1.714480635397162E+052
  9.344893897046900E+053
  3.110143161188592E+053
  3.133270204840755E+053
  1.088168159126065E+053
  9.424661081222936E+053
  2.230105974554362E+053
  3.802967843128232E+051
  6.238347418527323E+051
  4.331138725231783E+052
  8.400692627188532E+051
  6.543362265904173E+053
  3.178333973408756E+053
  5.296924789798688E+053
  1.324101934370461E+053
  6.142914498832434E+052
  9.540311764997244E+048
  8.879265695264805E+052
  8.817861094217820E+050
  7.599728643996265E+052
  3.220092600014257E+053
  1.050151932520023E+053
  4.271546727207926E+053
  7.172128931184170E+052
  1.145610275948973E+051
  3.159879501289995E+051
  1.002325276041378E+052
