 fluence
  3.010000000000000E-005
  8.440000000000001E-005
  5.520000000000000E-006
  9.969999999999999E-006
  2.120000000000000E-006
  1.270000000000000E-006
  3.210000000000000E-006
  6.390000000000000E-006
  1.060000000000000E-005
  1.020000000000000E-006
  7.560000000000000E-007
  1.880000000000000E-006
  3.530000000000000E-006
  1.160000000000000E-006
  2.360000000000000E-006
  9.220000000000000E-006
  7.630000000000000E-006
  5.090000000000000E-006
  1.920000000000000E-006
  1.120000000000000E-006
  3.340000000000000E-006
  6.630000000000000E-007
  1.540000000000000E-006
  3.590000000000000E-006
  2.020000000000000E-005
  1.100000000000000E-006
  5.370000000000000E-006
  2.210000000000000E-006
  1.090000000000000E-005
  2.010000000000000E-006
  1.360000000000000E-006
  2.750000000000000E-007
  1.930000000000000E-006
  3.120000000000000E-006
  9.930000000000001E-007
  2.010000000000000E-005
  6.130000000000000E-007
  3.380000000000000E-007
  3.080000000000000E-007
  3.370000000000000E-007
  4.370000000000000E-007
  7.290000000000000E-006
  2.740000000000000E-005
  4.770000000000000E-006
  4.260000000000000E-006
  3.610000000000000E-006
  4.270000000000000E-006
  1.710000000000000E-005
  5.600000000000000E-006
  2.250000000000000E-005
  1.980000000000000E-006
  1.480000000000000E-005
  5.340000000000000E-007
  2.810000000000000E-006
  2.110000000000000E-006
  4.320000000000000E-006
  6.660000000000000E-006
  1.290000000000000E-006
  6.680000000000000E-007
  4.510000000000000E-006
  2.290000000000000E-007
  3.880000000000000E-006
  2.290000000000000E-006
  1.030000000000000E-006
  1.060000000000000E-006
  6.190000000000000E-007
  1.300000000000000E-005
  1.230000000000000E-006
  2.660000000000000E-006
  1.130000000000000E-006
  3.400000000000000E-007
  9.370000000000000E-006
  1.570000000000000E-005
  2.850000000000000E-007
  2.100000000000000E-006
  1.100000000000000E-006
  4.550000000000000E-007
  1.200000000000000E-005
  1.640000000000000E-005
  3.200000000000000E-006
  8.410000000000000E-007
  2.980000000000000E-007
  8.120000000000000E-007
  2.910000000000000E-005
  1.360000000000000E-004
  6.500000000000000E-006
  4.380000000000000E-006
  2.810000000000000E-007
  2.530000000000000E-006
  2.760000000000000E-006
  1.540000000000000E-006
  9.000000000000000E-006
  1.740000000000000E-007
  1.450000000000000E-006
  3.730000000000000E-004
  7.590000000000000E-006
  1.770000000000000E-006
  1.670000000000000E-006
  5.400000000000000E-006
  3.380000000000000E-007
  8.400000000000000E-007
  6.170000000000000E-006
  1.270000000000000E-006
  2.870000000000000E-006
  7.200000000000000E-007
  5.830000000000000E-006
  1.100000000000000E-006
  3.890000000000000E-007
  5.520000000000000E-006
  7.500000000000000E-006
  5.880000000000000E-007
  4.920000000000000E-007
  2.840000000000000E-006
  1.640000000000000E-006
  2.510000000000000E-006
  8.000000000000000E-007
  1.330000000000000E-006
  1.250000000000000E-006
  1.840000000000000E-006
  2.960000000000000E-005
  1.200000000000000E-006
  3.220000000000000E-007
  1.580000000000000E-006
  9.209999999999999E-007
  3.570000000000000E-006
  2.520000000000000E-006
  2.160000000000000E-007
  8.620000000000000E-007
  1.700000000000000E-005
  1.750000000000000E-006
  3.360000000000000E-007
  8.270000000000000E-006
  1.260000000000000E-006
  1.820000000000000E-007
  7.100000000000000E-006
  9.120000000000000E-007
  5.200000000000000E-006
  5.750000000000000E-007
  3.990000000000000E-006
  3.690000000000000E-007
  4.560000000000000E-006
  5.940000000000000E-006
  2.450000000000000E-007
  1.200000000000000E-005
  1.130000000000000E-005
  3.830000000000000E-005
  5.970000000000000E-006
  1.580000000000000E-005
  5.780000000000000E-007
  2.050000000000000E-006
  2.590000000000000E-006
  4.990000000000000E-006
  1.190000000000000E-005
  3.220000000000000E-006
  1.950000000000000E-006
  8.850000000000000E-006
  1.670000000000000E-006
  3.730000000000000E-005
  5.850000000000000E-006
  2.060000000000000E-005
  4.920000000000000E-006
  1.430000000000000E-006
  7.500000000000000E-007
  4.640000000000000E-007
  1.500000000000000E-006
  3.460000000000000E-007
  6.180000000000000E-006
  1.980000000000000E-007
  8.220000000000000E-007
  3.160000000000000E-007
  4.650000000000000E-007
  1.220000000000000E-006
  3.200000000000000E-006
  8.579999999999999E-006
  1.640000000000000E-006
  2.410000000000000E-006
  5.980000000000000E-006
  3.800000000000000E-006
  1.520000000000000E-006
  1.980000000000000E-007
  7.120000000000000E-006
  1.250000000000000E-006
  5.730000000000000E-006
  3.650000000000000E-007
  7.860000000000000E-007
  5.650000000000000E-006
  2.530000000000000E-005
  1.090000000000000E-004
  1.090000000000000E-006
  1.040000000000000E-006
  1.180000000000000E-006
  9.210000000000000E-006
  3.290000000000000E-007
  2.180000000000000E-005
  6.240000000000000E-007
  4.660000000000000E-006
  1.140000000000000E-006
  3.120000000000000E-006
  1.510000000000000E-006
  2.030000000000000E-007
  2.890000000000000E-005
  7.750000000000000E-007
  8.589999999999999E-007
  9.270000000000000E-008
  5.220000000000000E-006
  1.890000000000000E-005
  1.850000000000000E-006
  7.830000000000000E-006
  5.080000000000000E-006
  1.180000000000000E-006
  4.000000000000000E-006
  2.140000000000000E-006
  3.950000000000000E-006
  4.250000000000000E-006
  7.610000000000000E-007
  2.430000000000000E-006
  4.220000000000000E-006
  5.720000000000000E-007
  3.650000000000000E-006
  1.810000000000000E-006
  4.640000000000000E-006
  2.650000000000000E-006
  3.790000000000000E-006
  1.550000000000000E-005
  1.530000000000000E-006
  6.260000000000000E-007
  2.470000000000000E-005
  1.340000000000000E-005
  7.890000000000000E-007
  2.460000000000000E-006
  3.260000000000000E-006
  5.890000000000000E-008
  5.869999999999999E-007
  2.670000000000000E-007
  2.580000000000000E-006
  1.170000000000000E-006
  3.360000000000000E-006
  3.520000000000000E-006
  2.650000000000000E-005
  2.940000000000000E-007
  5.010000000000000E-006
  3.510000000000000E-006
  8.550000000000000E-005
  4.450000000000000E-006
  2.310000000000000E-006
  1.800000000000000E-006
  6.400000000000000E-006
  2.030000000000000E-006
  8.390000000000000E-007
  6.160000000000000E-007
  2.420000000000000E-006
  8.980000000000000E-007
  7.320000000000000E-006
  1.360000000000000E-006
  2.340000000000000E-006
  4.620000000000000E-006
  2.020000000000000E-007
  8.350000000000000E-006
  6.720000000000000E-007
  1.290000000000000E-006
  2.790000000000000E-007
  3.560000000000000E-006
  1.550000000000000E-007
  1.080000000000000E-005
  4.030000000000000E-007
  2.480000000000000E-006
  8.209999999999999E-006
  1.670000000000000E-007
  2.010000000000000E-005
  2.300000000000000E-007
  1.420000000000000E-005
  7.440000000000000E-006
  2.690000000000000E-006
  9.150000000000000E-006
  2.620000000000000E-006
  5.460000000000000E-006
  1.790000000000000E-006
  5.180000000000000E-007
  3.000000000000000E-006
  1.630000000000000E-006
  3.290000000000000E-007
  2.270000000000000E-006
  8.510000000000000E-006
  3.450000000000000E-006
  6.650000000000000E-006
  1.390000000000000E-005
  1.350000000000000E-006
  1.130000000000000E-006
  3.010000000000000E-006
  4.500000000000000E-005
  1.120000000000000E-006
  2.320000000000000E-007
  4.900000000000000E-007
  9.769999999999999E-007
  1.360000000000000E-006
  2.810000000000000E-006
  2.290000000000000E-006
  1.710000000000000E-006
  7.830000000000000E-006
  1.480000000000000E-005
  7.310000000000000E-008
  2.610000000000000E-006
  1.530000000000000E-006
  2.880000000000000E-006
  4.990000000000000E-007
  1.580000000000000E-006
  1.880000000000000E-005
  2.570000000000000E-006
  7.109999999999999E-007
  1.610000000000000E-006
  1.290000000000000E-006
  1.130000000000000E-006
  2.310000000000000E-007
  3.980000000000000E-006
  2.330000000000000E-006
  8.440000000000000E-007
  8.399999999999999E-006
  2.650000000000000E-007
  2.150000000000000E-006
  6.740000000000000E-007
  7.679999999999999E-006
  8.420000000000000E-007
  2.930000000000000E-006
  2.220000000000000E-006
  4.650000000000000E-007
  2.100000000000000E-005
  2.390000000000000E-006
  1.710000000000000E-006
  1.200000000000000E-006
  3.720000000000000E-007
  1.750000000000000E-007
  4.270000000000000E-006
  2.650000000000000E-007
  2.170000000000000E-006
  1.670000000000000E-007
  1.350000000000000E-006
  1.760000000000000E-006
  1.620000000000000E-006
  2.370000000000000E-006
  8.360000000000000E-007
  4.830000000000000E-007
  5.210000000000000E-006
  4.200000000000000E-007
  2.780000000000000E-007
  2.510000000000000E-006
  3.830000000000000E-006
  3.480000000000000E-007
  1.910000000000000E-006
  2.160000000000000E-006
  2.210000000000000E-006
  3.090000000000000E-007
  2.360000000000000E-006
  1.960000000000000E-006
  6.300000000000000E-007
  8.209999999999999E-006
  1.510000000000000E-005
  2.490000000000000E-006
  4.720000000000000E-007
  4.130000000000000E-007
  7.770000000000000E-008
  8.090000000000000E-006
  1.330000000000000E-006
  1.040000000000000E-006
  3.170000000000000E-006
  6.480000000000000E-007
  4.080000000000000E-006
  2.350000000000000E-007
