 fluence
  3.010000000000000E-005
  8.440000000000001E-005
  5.520000000000000E-006
  9.969999999999999E-006
  2.120000000000000E-006
  1.270000000000000E-006
  3.210000000000000E-006
  6.390000000000000E-006
  1.060000000000000E-005
  1.020000000000000E-006
  7.560000000000000E-007
  1.880000000000000E-006
  3.530000000000000E-006
  1.160000000000000E-006
  2.360000000000000E-006
  9.220000000000000E-006
  7.630000000000000E-006
  5.090000000000000E-006
  1.920000000000000E-006
  1.120000000000000E-006
  3.340000000000000E-006
  6.630000000000000E-007
  1.540000000000000E-006
  3.590000000000000E-006
  2.020000000000000E-005
  1.100000000000000E-006
  5.370000000000000E-006
  2.210000000000000E-006
  1.090000000000000E-005
  2.010000000000000E-006
  1.360000000000000E-006
  2.750000000000000E-007
  1.930000000000000E-006
  3.120000000000000E-006
  9.930000000000001E-007
  2.010000000000000E-005
  6.130000000000000E-007
  3.380000000000000E-007
  3.080000000000000E-007
  3.370000000000000E-007
  4.370000000000000E-007
  7.290000000000000E-006
  2.740000000000000E-005
  4.770000000000000E-006
  4.260000000000000E-006
  3.610000000000000E-006
  4.270000000000000E-006
  1.710000000000000E-005
  5.600000000000000E-006
  2.250000000000000E-005
  1.980000000000000E-006
  1.480000000000000E-005
  5.340000000000000E-007
  2.810000000000000E-006
  2.110000000000000E-006
  4.320000000000000E-006
  6.660000000000000E-006
  1.290000000000000E-006
  6.680000000000000E-007
  4.510000000000000E-006
  2.290000000000000E-007
  3.880000000000000E-006
  2.290000000000000E-006
  1.030000000000000E-006
  1.060000000000000E-006
  6.190000000000000E-007
  1.300000000000000E-005
  1.230000000000000E-006
  2.660000000000000E-006
  1.130000000000000E-006
  3.400000000000000E-007
  9.370000000000000E-006
  1.570000000000000E-005
  2.850000000000000E-007
  2.100000000000000E-006
  1.100000000000000E-006
  4.550000000000000E-007
  1.200000000000000E-005
  1.640000000000000E-005
  3.200000000000000E-006
  8.410000000000000E-007
  2.980000000000000E-007
  8.120000000000000E-007
  2.910000000000000E-005
  1.360000000000000E-004
  6.500000000000000E-006
  4.380000000000000E-006
  2.810000000000000E-007
  2.530000000000000E-006
  2.760000000000000E-006
  1.540000000000000E-006
  9.000000000000000E-006
  1.740000000000000E-007
  1.450000000000000E-006
  3.730000000000000E-004
  7.590000000000000E-006
  1.770000000000000E-006
  1.670000000000000E-006
  5.400000000000000E-006
  3.380000000000000E-007
  8.400000000000000E-007
  6.170000000000000E-006
  1.270000000000000E-006
  2.870000000000000E-006
  7.200000000000000E-007
  5.830000000000000E-006
  1.100000000000000E-006
  3.890000000000000E-007
  5.520000000000000E-006
  7.500000000000000E-006
  5.880000000000000E-007
  4.920000000000000E-007
  2.840000000000000E-006
  1.640000000000000E-006
  2.510000000000000E-006
  8.000000000000000E-007
  1.330000000000000E-006
  1.250000000000000E-006
  1.840000000000000E-006
  2.960000000000000E-005
  1.200000000000000E-006
  3.220000000000000E-007
  1.580000000000000E-006
  9.209999999999999E-007
  3.570000000000000E-006
  2.520000000000000E-006
  2.160000000000000E-007
  8.620000000000000E-007
  1.700000000000000E-005
  1.750000000000000E-006
  3.360000000000000E-007
  8.270000000000000E-006
  1.260000000000000E-006
  1.820000000000000E-007
  7.100000000000000E-006
  9.120000000000000E-007
  5.200000000000000E-006
  5.750000000000000E-007
  3.990000000000000E-006
  3.690000000000000E-007
  4.560000000000000E-006
  5.940000000000000E-006
  2.450000000000000E-007
  1.200000000000000E-005
  1.130000000000000E-005
  3.830000000000000E-005
  5.970000000000000E-006
  1.580000000000000E-005
  5.780000000000000E-007
  2.050000000000000E-006
  2.590000000000000E-006
  4.990000000000000E-006
  1.190000000000000E-005
  3.220000000000000E-006
  1.950000000000000E-006
  8.850000000000000E-006
  1.670000000000000E-006
  3.730000000000000E-005
  5.850000000000000E-006
  2.060000000000000E-005
  4.920000000000000E-006
  1.430000000000000E-006
  7.500000000000000E-007
  4.640000000000000E-007
  1.500000000000000E-006
  3.460000000000000E-007
  6.180000000000000E-006
