 index,s
   3.13888888888889       2.717391304347826E-003
   3.41666666666667       2.717391304347826E-003
   3.69444444444444       0.000000000000000E+000
   3.97222222222222       1.086956521739130E-002
   4.25000000000000       2.717391304347826E-003
   4.52777777777778       3.260869565217391E-002
   4.80555555555556       6.250000000000000E-002
   5.08333333333333       0.100543478260870     
   5.36111111111111       0.165760869565217     
   5.63888888888889       0.192934782608696     
   5.91666666666667       0.160326086956522     
   6.19444444444444       0.119565217391304     
   6.47222222222222       9.239130434782608E-002
   6.75000000000000       4.347826086956522E-002
   7.02777777777778       8.152173913043478E-003
   7.30555555555556       2.717391304347826E-003
   7.58333333333333       0.000000000000000E+000
   7.86111111111111       0.000000000000000E+000
