 lp
  5.971920512328696E+050
  3.555268656672047E+051
  4.167577290931111E+051
  9.637029370208540E+050
  1.920170668053599E+051
  1.631889342620582E+052
  3.979326082289612E+051
  6.034288722233170E+051
  2.762718073303652E+047
  1.559743322864230E+051
  1.017477909983265E+052
  1.613412168412376E+050
  1.112084714612314E+052
  2.354121024528146E+051
  1.223472883828330E+050
  7.897752096306103E+051
  1.185495763769682E+052
  8.364407853254439E+051
  9.448476063637873E+050
  5.051679701511184E+049
  5.287592213050754E+052
  4.824485057044397E+050
  6.399391892493897E+051
  4.856329254638989E+050
  6.122768683250456E+051
  2.274343153482704E+051
  1.771240793380437E+051
  6.985477425007375E+052
  3.459616654433368E+049
  2.601447995928474E+050
  7.879639151269591E+053
  1.247574278610948E+052
  7.545486278632035E+052
  3.736222806753105E+051
  5.629146269015881E+050
  2.533027062881489E+052
  3.932999337511494E+051
  4.887361584059568E+052
  1.762794857453101E+052
  1.973750139435548E+052
  5.236403220969582E+052
  2.020353290177943E+051
  7.498431250842151E+050
  7.845709186758976E+050
  6.264760903118850E+052
  3.770600377096075E+053
  3.377689892052361E+052
  1.731308619022680E+053
  1.366295788928432E+051
  8.448214714900488E+051
  9.038927933187826E+052
  7.389505531049256E+051
  2.222283064394237E+052
  6.280926674535308E+050
  9.860512384517027E+050
  4.507132443604230E+052
  1.038470448439501E+051
  4.359614859834717E+051
  2.470605201695856E+052
  2.731248625091440E+052
  2.977768959283091E+051
  2.327793458019313E+053
  6.760949822388926E+050
  2.914320018042367E+052
  3.958059176108809E+051
  7.929596461647481E+050
  4.856383253465330E+052
  1.052515163311164E+052
  7.641664603481858E+052
  8.686268993063177E+051
  4.413333227092226E+052
  1.167132598391558E+052
  6.662863101284709E+052
  3.547623634960986E+051
  1.281375402840315E+052
  3.135092601453955E+052
  2.132991878012201E+052
  4.327557382603761E+050
  6.205192201346303E+050
  1.097150223504296E+051
  2.106231981884989E+053
  1.027543909148349E+053
  2.593264072951967E+049
  1.264104192849710E+052
  3.247606771796001E+052
  3.677418458291991E+051
  3.885093161232009E+051
  6.115515132149591E+052
  2.756194924728531E+052
  8.142679404797820E+050
  9.001399373184268E+050
  5.962124036011475E+050
  1.592644400904471E+052
  2.441329397744203E+052
  1.665158615558364E+053
  4.425083190842818E+052
  4.598445431201106E+050
  1.295554833873350E+051
  7.928247294236829E+052
  2.277085364348508E+052
  5.366035053101807E+052
  5.646583454338618E+053
  1.794782015949742E+052
  1.581729634085373E+052
  4.668081843609691E+050
  3.927717057097634E+050
  2.831341648289982E+050
  1.490376163635935E+052
  2.528988147545417E+050
  2.914380738090873E+052
  2.620360569798556E+052
  1.118822101417190E+053
  2.262974673637001E+051
  8.249827508792182E+051
  2.988980570633300E+052
  2.246544157402463E+050
  1.082310199238050E+051
  1.770386522908592E+051
  6.501410573942400E+052
  2.854255125902666E+052
  2.262166630557635E+052
  9.368262524620119E+049
  8.459364058481535E+051
  1.997416199350168E+052
  6.568509649568634E+051
  1.788165056100176E+052
  1.288625749735005E+052
  9.769283362661729E+052
  4.104233036814530E+051
  2.724939939716555E+053
  1.206193345371426E+052
  1.146805963317237E+052
  4.835607563368752E+050
  5.551680190816322E+051
  3.270551139696503E+051
  2.977736136607137E+052
  1.886823073638771E+052
  4.036739423235112E+052
  4.401615885551675E+052
  2.940898479056767E+051
  1.202412304028541E+052
  2.568833268617654E+052
  2.753559730421569E+051
  7.790720168164191E+051
  2.544414675433029E+052
  5.820670683763286E+052
  1.462224013482298E+052
  3.004096817892354E+050
  3.499050730838789E+051
  5.139015686973598E+051
  6.470036428971843E+051
  5.802881849602751E+052
  2.514163047974508E+052
  2.393628217554880E+052
  2.329860908069781E+052
  5.871584353124288E+052
  1.312552446649303E+048
  1.597313065395486E+052
  8.535689539202849E+050
  1.068972820254420E+053
  2.255828467721107E+052
  1.386703806064441E+052
  1.282688160390136E+052
  5.018871261099532E+052
  5.678242237312302E+050
  3.216945783757643E+050
  6.391639441423278E+051
