 peak_flux_erg
   851.000000000000     
   8.96000000000000     
   32.9000000000000     
   9.32000000000000     
   9.09000000000000     
   57.8000000000000     
   23.3000000000000     
   4.48000000000000     
   5.89000000000000     
   25.6000000000000     
   113.000000000000     
   19.2000000000000     
   30.8000000000000     
   5.15000000000000     
   5.42000000000000     
   8.98000000000000     
   46.0000000000000     
   24.9000000000000     
   20.1000000000000     
   21.1000000000000     
   12.5000000000000     
   6.89000000000000     
   5.72000000000000     
   10.5000000000000     
   12.4000000000000     
   10.3000000000000     
   58.2000000000000     
   76.6000000000000     
   14.6000000000000     
   30.2000000000000     
   381.000000000000     
   24.0000000000000     
   89.9000000000000     
   13.4000000000000     
   5.77000000000000     
   21.0000000000000     
   12.9000000000000     
   24.2000000000000     
   35.0000000000000     
   7.07000000000000     
   6.31000000000000     
   51.3000000000000     
   86.7000000000000     
   19.9000000000000     
   18.6000000000000     
   41.8000000000000     
   8.83000000000000     
   14.1000000000000     
   6.32000000000000     
   163.000000000000     
   169.000000000000     
   5.66000000000000     
   4.88000000000000     
   12.5000000000000     
   94.4000000000000     
   23.4000000000000     
   6.30000000000000     
   9.85000000000000     
   25.1000000000000     
   3790.00000000000     
   21.6000000000000     
   34.5000000000000     
   18.5000000000000     
   7.76000000000000     
   13.4000000000000     
   9.84000000000000     
   33.5000000000000     
   5.92000000000000     
   104.000000000000     
   12.5000000000000     
   4.14000000000000     
   10.6000000000000     
   16.9000000000000     
   22.8000000000000     
   14.1000000000000     
   26.0000000000000     
   21.5000000000000     
   19.3000000000000     
   4.38000000000000     
   7.57000000000000     
   19.9000000000000     
   51.1000000000000     
   5.37000000000000     
   7.62000000000000     
   32.8000000000000     
   31.0000000000000     
   3.61000000000000     
   86.1000000000000     
   13.8000000000000     
   6.89000000000000     
   80.6000000000000     
   5.01000000000000     
   7.33000000000000     
   11.2000000000000     
   54.1000000000000     
   14.1000000000000     
   3.81000000000000     
   6.58000000000000     
   89.1000000000000     
   424.000000000000     
   279.000000000000     
   275.000000000000     
   25.4000000000000     
   6.43000000000000     
   15.3000000000000     
   11.5000000000000     
   19.8000000000000     
   79.5000000000000     
   5.19000000000000     
   27.4000000000000     
   26.0000000000000     
   52.8000000000000     
   93.2000000000000     
   40.1000000000000     
   4.77000000000000     
   4.22000000000000     
   7.34000000000000     
   7.75000000000000     
   17.5000000000000     
   3.79000000000000     
   3.15000000000000     
   5.11000000000000     
   111.000000000000     
   9.90000000000000     
   27.1000000000000     
   8.62000000000000     
   31.1000000000000     
   72.4000000000000     
   4.91000000000000     
   11.4000000000000     
   15.8000000000000     
   24.6000000000000     
   10.1000000000000     
   4.09000000000000     
   25.1000000000000     
   31.9000000000000     
   140.000000000000     
   49.1000000000000     
   46.5000000000000     
   50.3000000000000     
   12.5000000000000     
   15.7000000000000     
   14.9000000000000     
   11.5000000000000     
   8.64000000000000     
   73.3000000000000     
   4.32000000000000     
   2.85000000000000     
   7.38000000000000     
   10.7000000000000     
   60.7000000000000     
   43.8000000000000     
   12.8000000000000     
   4.51000000000000     
   16.7000000000000     
   9.94000000000000     
   3.70000000000000     
   30.1000000000000     
   8.25000000000000     
   58.4000000000000     
   9.03000000000000     
   7.33000000000000     
   22.7000000000000     
   10.6000000000000     
   22.2000000000000     
   30.9000000000000     
   5.06000000000000     
