 t90
   8.68000000000000     
   466.650000000000     
   223.970000000000     
   36.2800000000000     
   213.540000000000     
   50.4600000000000     
   15.5400000000000     
   39.1400000000000     
   190.470000000000     
   27.7200000000000     
   223.200000000000     
   320.000000000000     
   26.5300000000000     
   170.300000000000     
   220.250000000000     
   20.3000000000000     
   125.700000000000     
   217.050000000000     
   152.740000000000     
   304.600000000000     
   33.7400000000000     
   8.73000000000000     
   316.350000000000     
   11.5400000000000     
   17.8500000000000     
   5.00000000000000     
   129.580000000000     
   110.060000000000     
   143.060000000000     
   149.730000000000     
   14.7800000000000     
   17.1400000000000     
   75.0000000000000     
   86.1500000000000     
   481.000000000000     
   200.190000000000     
   80.0000000000000     
   68.6400000000000     
   38.2700000000000     
   60.5200000000000     
   23.4200000000000     
   154.110000000000     
   111.100000000000     
   173.590000000000     
   134.140000000000     
   80.0800000000000     
   70.4800000000000     
   14.7800000000000     
   27.8000000000000     
   59.9300000000000     
   94.1900000000000     
   139.950000000000     
   10.8800000000000     
   15.2100000000000     
   30.1900000000000     
   276.660000000000     
   76.2800000000000     
   2.74000000000000     
   25.9000000000000     
   244.330000000000     
   121.140000000000     
   4.24000000000000     
   66.2200000000000     
   4.30000000000000     
   778.090000000000     
   182.700000000000     
   42.9200000000000     
   38.0000000000000     
   23.4300000000000     
   67.9700000000000     
   26.0800000000000     
   168.220000000000     
   220.600000000000     
   6.08000000000000     
   7.23000000000000     
   24.3400000000000     
   50.2900000000000     
   93.9300000000000     
   77.9200000000000     
   36.3200000000000     
   14.8100000000000     
   179.660000000000     
   60.3500000000000     
   38.7200000000000     
   63.5300000000000     
   69.4800000000000     
   64.3200000000000     
   68.0000000000000     
   20.3000000000000     
   25.3700000000000     
   101.240000000000     
   8.48000000000000     
   290.000000000000     
   31.0700000000000     
   62.8500000000000     
   102.840000000000     
   40.7000000000000     
   385.260000000000     
   40.9400000000000     
   13.0000000000000     
   58.7000000000000     
   25.7800000000000     
   249.420000000000     
   14.1500000000000     
   43.4200000000000     
   41.8600000000000     
   131.120000000000     
   114.630000000000     
   436.660000000000     
   177.260000000000     
   12.0800000000000     
   193.380000000000     
   63.5500000000000     
   38.8200000000000     
   83.5000000000000     
   49.2600000000000     
   38.9700000000000     
   3.84000000000000     
   6.75000000000000     
   17.9500000000000     
   27.5700000000000     
   91.8600000000000     
   14.8000000000000     
   48.0300000000000     
   99.2800000000000     
   8.87000000000000     
   266.400000000000     
   88.7400000000000     
   70.4400000000000     
   5.58000000000000     
   56.3000000000000     
   223.000000000000     
   221.490000000000     
   284.420000000000     
   61.3500000000000     
   59.1200000000000     
   8.00000000000000     
   46.3600000000000     
   29.5500000000000     
   36.1200000000000     
   9.04000000000000     
   336.860000000000     
   365.280000000000     
   238.010000000000     
   37.2500000000000     
   100.000000000000     
   135.250000000000     
   44.5100000000000     
   8.95000000000000     
   58.4900000000000     
   5.03000000000000     
   80.0600000000000     
   103.030000000000     
   262.940000000000     
   28.4500000000000     
   11.3200000000000     
   15.7000000000000     
   37.2000000000000     
   4.00000000000000     
   4.55000000000000     
   157.020000000000     
   53.4200000000000     
   240.770000000000     
   17.7200000000000     
   6.67000000000000     
   23.8100000000000     
   11.0400000000000     
