 index,z,bin
  0.200100002977706      -0.965645045535570     
  0.600100008938171      -0.526150793833060     
   1.00010001489863      -0.507084484568598     
   1.40010002085910      -0.507342210813122     
   1.80010002681956      -0.693790765621179     
   2.20010003278003      -0.527715043176789     
   2.60010003874049      -0.667513081806604     
   3.00010004470096      -0.616634021075859     
   3.40010005066142       -1.10341113214362     
   3.80010005662189       -1.10585901733866     
   4.400000      -1.36685604197661     
   5.400000      -1.23558359891498     
