 z
  0.117000000000000     
   2.85500000000000     
   1.11800000000000     
   1.00000000000000     
   1.99800000000000     
   1.44500000000000     
   1.40900000000000     
   2.48700000000000     
  3.700000000000000E-002
  0.886000000000000     
   2.01000000000000     
  0.557000000000000     
   1.32900000000000     
   2.36600000000000     
  0.818000000000000     
   1.96800000000000     
   1.54900000000000     
   2.01300000000000     
  0.736000000000000     
  0.555000000000000     
   4.99000000000000     
  0.726000000000000     
   2.38000000000000     
  0.870000000000000     
   2.59000000000000     
   1.16700000000000     
  0.810000000000000     
   2.33000000000000     
  0.282000000000000     
  0.593000000000000     
   1.75800000000000     
   1.51700000000000     
   2.08700000000000     
  0.915000000000000     
   1.47000000000000     
   2.99300000000000     
   1.21000000000000     
   3.14000000000000     
   2.27500000000000     
   4.70700000000000     
   6.33000000000000     
  0.725000000000000     
  0.889000000000000     
   1.60000000000000     
   3.26000000000000     
   3.95600000000000     
   4.95400000000000     
   5.28300000000000     
   1.41600000000000     
   1.20800000000000     
   2.73000000000000     
   3.00000000000000     
   4.04200000000000     
  0.596000000000000     
  0.479000000000000     
   5.91300000000000     
   1.06000000000000     
   1.30300000000000     
   2.78000000000000     
  0.340000000000000     
   1.29700000000000     
   3.75800000000000     
  0.597000000000000     
   2.53900000000000     
   3.10000000000000     
   1.02300000000000     
   2.10000000000000     
   3.38500000000000     
   2.20000000000000     
   2.29800000000000     
   7.84000000000000     
   3.10000000000000     
   3.93000000000000     
  0.970000000000000     
   2.35900000000000     
   2.67100000000000     
   3.79600000000000     
  0.800000000000000     
   1.48000000000000     
  0.959000000000000     
   4.17500000000000     
   2.19700000000000     
  0.283000000000000     
   2.87600000000000     
   2.81500000000000     
   1.79800000000000     
   2.40000000000000     
   1.72800000000000     
   2.94300000000000     
   1.38100000000000     
  0.716000000000000     
   1.08000000000000     
   3.15200000000000     
   2.89300000000000     
   4.99000000000000     
   3.36000000000000     
   1.34800000000000     
   1.85800000000000     
   2.83000000000000     
  0.822000000000000     
   1.61300000000000     
   1.77000000000000     
   2.22000000000000     
   2.33900000000000     
  0.618000000000000     
  0.552000000000000     
  0.414000000000000     
   1.72700000000000     
   1.40800000000000     
   1.44000000000000     
   2.10600000000000     
   1.56700000000000     
  0.542000000000000     
   1.39800000000000     
   4.77200000000000     
  0.520000000000000     
   1.75500000000000     
   1.18000000000000     
   3.15500000000000     
   4.81300000000000     
   4.66700000000000     
  0.604000000000000     
   1.06300000000000     
   3.07600000000000     
   1.24000000000000     
   2.73700000000000     
   3.00000000000000     
   1.80000000000000     
   2.62500000000000     
   9.38000000000000     
   1.60800000000000     
   2.05000000000000     
  0.979000000000000     
   3.03800000000000     
  0.689000000000000     
   2.68900000000000     
   1.10100000000000     
   2.43300000000000     
   1.94900000000000     
  0.947000000000000     
   2.17000000000000     
   3.63000000000000     
  0.617000000000000     
   1.95900000000000     
   3.35500000000000     
   2.08800000000000     
   3.43400000000000     
  0.758000000000000     
   1.51000000000000     
   2.47000000000000     
  0.937000000000000     
   2.55000000000000     
   3.07500000000000     
   4.94100000000000     
   1.50300000000000     
   4.41000000000000     
  8.000000000000000E-002
   2.34600000000000     
  0.936000000000000     
   2.20000000000000     
   4.50000000000000     
   2.52700000000000     
   2.61500000000000     
   5.20000000000000     
  0.653000000000000     
  0.212000000000000     
   2.52000000000000     
