z	fluence
0.117	3.01E-05
0.654	8.44E-05
2.855	5.52E-06
1.118	9.97E-06
1.305	2.12E-06
1	1.27E-06
1.998	3.21E-06
2.25	6.39E-06
1.445	1.06E-05
1.409	1.02E-06
2.487	7.56E-07
2.409	1.88E-06
0.037	3.53E-06
1.87	1.16E-06
0.886	2.36E-06
2.01	9.22E-06
0.557	7.63E-06
1.329	5.09E-06
2.366	1.92E-06
0.818	1.12E-06
3.645	3.34E-06
1.968	6.63E-07
0.148	1.54E-06
0.645	3.59E-06
1.549	2.02E-05
1.159	1.10E-06
2.013	5.37E-06
2.823	2.21E-06
0.736	1.09E-05
0.555	2.01E-06
4.99	1.36E-06
0.726	2.75E-07
1.64	1.93E-06
2.38	3.12E-06
3.52	9.93E-07
0.972	2.01E-05
1.96	6.13E-07
0.87	3.38E-07
2.59	3.08E-07
1.167	3.37E-07
1.423	4.37E-07
0.81	7.29E-06
2.33	2.74E-05
1.36	4.77E-06
0.282	4.26E-06
0.313	3.61E-06
3.139	4.27E-06
2.06	1.71E-05
0.593	5.60E-06
1.758	2.25E-05
1.517	1.98E-06
2.087	1.48E-05
3.5	5.34E-07
0.915	2.81E-06
1.452	2.11E-06
1.47	4.32E-06
2.993	6.66E-06
3.35	1.29E-06
0.573	6.68E-07
1.21	4.51E-06
0.558	2.29E-07
3.14	3.88E-06
2.275	2.29E-06
4.233	1.03E-06
4.707	1.06E-06
6.33	6.19E-07
0.725	1.30E-05
2.4	1.23E-06
0.889	2.66E-06
1.6	1.13E-06
4.7	3.40E-07
3.26	9.37E-06
3.956	1.57E-05
1.02	2.85E-07
4.954	2.10E-06
5.283	1.10E-06
1.416	4.55E-07
1.208	1.20E-05
2.73	1.64E-05
3	3.20E-06
5.3	8.41E-07
4.042	2.98E-07
0.596	8.12E-07
1.293	2.91E-05
1.238	1.36E-04
0.479	6.50E-06
1.155	4.38E-06
2.006	2.81E-07
2.092	2.53E-06
5.913	2.76E-06
1.06	1.54E-06
3.6	9.00E-06
1.303	1.74E-07
2.78	1.45E-06
0.34	3.73E-04
1.297	7.59E-06
1.218	1.77E-06
3.758	1.67E-06
0.597	5.40E-06
2.539	3.38E-07
2.707	8.40E-07
3.1	6.17E-06
1.023	1.27E-06
2.1	2.87E-06
3.385	7.20E-07
2.2	5.83E-06
2.298	1.10E-06
7.84	3.89E-07
3.1	5.52E-06
3.93	7.50E-06
0.97	5.88E-07
2.359	4.92E-07
2.671	2.84E-06
3.796	1.64E-06
0.8	2.51E-06
1.48	8.00E-07
0.959	1.33E-06
0.398	1.25E-06
4.175	1.84E-06
2.197	2.96E-05
5.93	1.20E-06
0.283	3.22E-07
2.876	1.58E-06
4.5	9.21E-07
2.815	3.57E-06
1.798	2.52E-06
1.1	2.16E-07
2.4	8.62E-07
1.728	1.70E-05
2.943	1.75E-06
1.381	3.36E-07
0.716	8.27E-06
0.297	1.26E-06
1.08	1.82E-07
3.152	7.10E-06
2.893	9.12E-07
4.99	5.20E-06
0.013	5.75E-07
3.36	3.99E-06
1.348	3.69E-07
1.858	4.56E-06
2.83	5.94E-06
1.036	2.45E-07
0.822	1.20E-05
1.613	1.13E-05
1.77	3.83E-05
1.461	5.97E-06
2.22	1.58E-05
2.339	5.78E-07
0.618	2.05E-06
0.552	2.59E-06
0.414	4.99E-06
1.727	1.19E-05
4.5	3.22E-06
1.408	1.95E-06
1.44	8.85E-06
2.106	1.67E-06
1.567	3.73E-05
3.6	5.85E-06
0.542	2.06E-05
1.398	4.92E-06
4.772	1.43E-06
0.52	7.50E-07
1.755	4.64E-07
2.465	1.50E-06
0.624	3.46E-07
3.9	6.18E-06
1.18	1.98E-07
3.155	8.22E-07
4.813	3.16E-07
4.667	4.65E-07
0.604	1.22E-06
1.063	3.20E-06
0.49	8.58E-06
3.076	1.64E-06
2.752	2.41E-06
1.092	5.98E-06
1.71	3.80E-06
0.971	1.52E-06
1.37	1.98E-07
1.24	7.12E-06
0.696	1.25E-06
2.452	5.73E-06
2.737	3.65E-07
2.71	7.86E-07
3	5.65E-06
1.8	2.53E-05
0.54	1.09E-04
1.266	1.09E-06
2.625	1.04E-06
3.85	1.18E-06
4.109	9.21E-06
9.38	3.29E-07
0.544	2.18E-05
8.26	6.24E-07
1.608	4.66E-06
1.449	1.14E-06
2.87	3.12E-06
3.374	1.51E-06
4.65	2.03E-07
2.1	2.89E-05
1.749	7.75E-07
2.03	8.59E-07
3.44	9.27E-08
2.77	5.22E-06
2.26	1.89E-05
2.063	1.85E-06
2.05	7.83E-06
2.512	5.08E-06
2.58	1.18E-06
0.979	4.00E-06
3.848	2.14E-06
3.038	3.95E-06
1.968	4.25E-06
0.53	7.61E-07
1.692	2.43E-06
0.689	4.22E-06
6.733	5.72E-07
2.13	3.65E-06
2.374	1.81E-06
3.36	4.64E-06
1.504	2.65E-06
2.205	3.79E-06
2.591	1.55E-05
0.845	1.53E-06
1.232	6.26E-07
3.037	2.47E-05
1.64	1.34E-05
1.417	7.89E-07
2.689	2.46E-06
1.82	3.26E-06
1.546	5.89E-08
0.089	5.87E-07
3.2	2.67E-07
2.47	2.58E-06
0.767	1.17E-06
1.101	3.36E-06
2.433	3.52E-06
1.03	2.65E-05
1.512	2.94E-07
1.78	5.01E-06
1.949	3.51E-06
0.938	8.55E-05
2.027	4.45E-06
2.427	2.31E-06
2.642	1.80E-06
2.086	6.40E-06
2.72	2.03E-06
4.349	8.39E-07
1.14	6.16E-07
1.331	2.42E-06
2.692	8.98E-07
5.2	7.32E-06
2.452	1.36E-06
2.146	2.34E-06
0.947	4.62E-06
0.985	2.02E-07
1.604	8.35E-06
2.17	6.72E-07
1.35	1.29E-06
2.454	2.79E-07
3.63	3.56E-06
1.58	1.55E-07
0.617	1.08E-05
2.039	4.03E-07
2.5	2.48E-06
2.087	8.21E-06
1.16	1.67E-07
0.82	2.01E-05
2.309	2.30E-07
3.01	1.42E-05
1.959	7.44E-06
2.954	2.69E-06
2.06	9.15E-06
0.84	2.62E-06
1.496	5.46E-06
1.63	1.79E-06
1.165	5.18E-07
2.338	3.00E-06
2.352	1.63E-06
2.621	3.29E-07
3.355	2.27E-06
2.088	8.51E-06
2.254	3.45E-06
1.159	6.65E-06
1.315	1.39E-05
3.434	1.35E-06
0.758	1.13E-06
0.346	3.01E-06
1.262	4.50E-05
5.464	1.12E-06
3.209	2.32E-07
1.51	4.90E-07
2.47	9.77E-07
0.937	1.36E-06
1.884	2.81E-06
3.686	2.29E-06
0.703	1.71E-06
2.55	7.83E-06
1.923	1.48E-05
2.363	7.31E-08
0.543	2.61E-06
1.532	1.53E-06
2.711	2.88E-06
1.92	4.99E-07
3.424	1.58E-06
0.125	1.88E-05
3.075	2.57E-06
3.773	7.11E-07
0.787	1.61E-06
3.221	1.29E-06
5.11	1.13E-06
2.1	2.31E-07
4.941	3.98E-06
1.503	2.33E-06
0.348	8.44E-07
1.49	8.40E-06
1.172	2.65E-07
1.559	2.15E-06
4.41	6.74E-07
3.912	7.68E-06
4.056	8.42E-07
2.339	2.93E-06
0.783	2.22E-06
2.3	4.65E-07
4.6	2.10E-05
6.6	2.39E-06
3.533	1.71E-06
2.32	1.20E-06
2.03	3.72E-07
0.481	1.75E-07
1.549	4.27E-06
0.08	2.65E-07
2.346	2.17E-06
0.936	1.67E-07
1.059	1.35E-06
2.43	1.76E-06
2.2	1.62E-06
4.5	2.37E-06
2.527	8.36E-07
3.347	4.83E-07
6.295	5.21E-06
0.296	4.20E-07
0.828	2.78E-07
1.434	2.51E-06
2.615	3.83E-06
2.504	3.48E-07
5.3	1.91E-06
3.5	2.16E-06
1.71	2.21E-06
1.38	3.09E-07
3.969	2.36E-06
0.165	1.96E-06
2.438	6.30E-07
2.821	8.21E-06
0.606	1.51E-05
4.275	2.49E-06
5.2	4.72E-07
0.653	4.13E-07
2.7	7.77E-08
2.898	8.09E-06
3.243	1.33E-06
1.444	1.04E-06
1.95	3.17E-06
0.584	6.48E-07
0.212	4.08E-06
2.52	2.35E-07
1.29	8.85E-07