 15_150kev
0.0000301
2.74E-07
0.000000594
0.00000228
0.0000844
0.000000126
0.00000136
0.00000239
0.00000204
0.00000175
0.00000487
0.00000552
0.0000114
9.97E-06
0.00000021
0.00000173
0.000000901
0.000000424
0.00000212
6.19E-06
0.00000235
0.00000118
3.13E-07
0.0000122
0.00000239
0.00000144
0.0000118
0.00000127
0.00000165
0.000000686
3.21E-06
0.000000321
0.00000639
0.000000564
0.00000492
0.000000833
1.06E-05
0.000000333
0.000000467
0.000000905
0.00000057
0.00000102
0.000000756
0.00001
0.00000219
0.000000348
0.00000188
0.00000334
0.000000241
0.00000727
0.00000353
0.000000476
8.11E-06
0.000000669
0.000000377
0.000000941
0.00000775
0.00000775
0.00000116
0.00000116
0.00000106
0.000000392
0.00000292
0.000000571
0.000000667
0.0000024
0.00000111
8.79E-06
0.0000331
0.0000016
0.00000258
0.00000641
0.0000019
0.00000471
0.000000843
0.00000132
1.03E-06
0.00000165
8.27E-08
0.00000108
0.00000287
0.0000014
0.00000238
0.000000765
0.00000922
0.00000261
8.19E-06
0.00000763
0.00000509
0.00000192
0.000000751
0.000000182
3.75E-08
0.00000112
0.000000955
0.00000193
0.000000299
0.00000388
0.00000107
0.00000551
8.58E-08
0.000000133
0.000000305
0.00000132
0.000000858
6.11E-06
0.00000378
0.000000618
0.00000334
0.000000104
0.000000532
0.00000295
0.000000469
6.63E-07
0.000000816
0.00000628
0.000000972
0.00000154
6.98E-06
0.000000198
0.00000205
0.00000868
0.00000359
5.64E-06
2.02E-05
0.00000154
0.0000011
0.00000616
4.25E-08
0.000000741
0.00000537
0.00000221
0.00000023
0.00000132
8.76E-06
0.000000689
0.00000014
0.00000122
0.00000366
0.0000155
0.00000039
0.00000252
0.00000721
0.00000775
1.39E-06
1.09E-05
0.000000174
0.000000272
0.000000182
6.87E-08
0.00000261
0.000000455
0.000000726
0.00000897
0.00000126
0.00000331
4.29E-08
0.00000178
0.0000208
6.47E-08
3.14E-08
0.00000117
0.00000153
0.000000776
0.000000612
0.00000201
0.00000125
3.68E-06
0.000000596
0.00000194
7.82E-08
0.00000115
0.00000136
0.0000071
0.000000537
0.000000275
0.000000148
0.00000193
3.12E-06
0.00000158
0.00000525
6.96E-06
0.000000513
0.00000206
0.000000993
0.0000201
0.000000364
0.000000351
0.000000613
0.0000069
0.000000338
0.00000318
0.000000406
0.000000585
2.32E-06
7.66E-08
0.000000308
0.00000148
8.02E-08
0.00000144
2.33E-08
0.000000455
0.000000472
0.000000337
0.00000147
0.00000729
0.000000266
0.00000119
0.0000274
0.00000722
0.00000101
0.00000158
0.000000694
0.00000137
0.000000738
2.07E-06
0.00000477
0.00000124
0.000000455
0.00000138
0.000000362
0.000000844
0.00000047
0.00000426
0.00000594
0.000000482
0.00000295
3.26E-08
0.00000213
0.000000595
0.000000775
0.00000148
7.09E-08
0.00000104
0.00000137
0.0000196
0.000000606
2.30E-06
0.000000173
0.00000177
0.00000321
0.00000564
0.00000673
3.57E-06
0.00000632
0.00000427
0.0000171
0.000000145
0.00000133
0.00000303
0.0000056
0.00000245
0.000000648
0.0000225
1.74E-05
0.000000257
7.36E-08
0.00000217
0.00000321
0.0000009
0.0000148
0.000000879
0.000000936
0.000000624
0.000000778
0.000000534
0.000000144
0.000000492
0.000000953
0.00000281
2.56E-06
0.00000119
7.25E-08
0.00000277
0.00000432
0.000000823
0.00000666
0.000000248
0.00000345
0.00000129
0.000000463
2.98E-06
0.000000159
0.00000109
0.000000668
0.000000268
0.00000619
0.0000015
0.00000451
0.000000531
1.37E-06
0.000000183
0.00000065
0.0000045
0.000000301
0.00000128
0.000000229
0.00000433
5.42E-06
0.00000195
0.00000388
0.00000229
0.00000133
0.000000396
1.32E-08
0.0000212
0.000000584
0.00000103
0.00000592
5.12E-08
0.00000226
0.000000938
1.06E-06
3.01E-08
6.19E-07
0.000013
0.00000266
0.000000675
0.00000113
0.00000034
0.00000937
0.0000157
0.000000124
0.0000114
0.000000709
0.000000326
5.45E-08
0.000000713
0.0000157
5.24E-08
0.000000285
0.000000221
0.0000021
1.10E-06
0.00000275
0.000000455
0.00000724
0.000012
0.00000188
0.00000415
1.64E-05
7.08E-08
0.000000128
0.00000256
0.0000032
0.00000714
0.00000762
0.00000689
0.000000841
0.00000402
0.000000259
0.000000189
0.000000606
0.000000317
0.00000199
0.000000609
0.000000298
0.00000344
0.000000812
0.0000291
0.00000146
0.00000121
0.00000109
0.000000276
0.000000787
0.00000056
5.16E-07
0.000000708
0.0000403
1.36E-06
0.000000126
0.000000175
0.000136
0.00000146
0.0000065
0.00000127
1.22E-08
0.000000287
0.000000427
0.00000222
0.000000166
0.0000014
0.00000384
0.000000375
0.000000977
0.000013
0.000000329
0.00000114
4.38E-06
0.000000825
6.02E-08
0.00000186
0.00000229
0.00000253
0.0000164
0.000000574
0.00000089
0.00000276
0.00000154
0.000000627
0.0000019
0.00000126
0.00000568
0.0000133
0.000000425
0.000000595
0.000009
0.000000174
0.000000614
0.00000347
0.000000431
0.00000145
0.000373
6.57E-07
0.00000759
0.000000844
0.00000177
0.00000167
0.000000227
0.00000453
2.95E-08
0.0000297
0.00000215
2.97E-06
0.0000054
0.000000652
0.00000197
0.000000338
0.000000306
0.000000838
0.00000084
0.000000142
0.00000617
0.000000139
0.00000127
0.00000287
1.06E-06
0.00000072
5.83E-06
0.0000046
1.24E-05
0.00000108
0.00000205
0.00000795
0.000000335
0.0000022
0.0000011
0.000000656
0.00000107
0.00000233
2.31E-06
0.000000389
0.00000552
2.98E-06
0.0000111
0.00000088
0.00000106
0.0000075
0.000000588
0.0000014
0.000000692
0.000000373
0.000000492
2.84E-06
0.000000753
0.000000292
0.000000841
0.000000878
1.84E-06
0.000000281
1.64E-06
0.00000251
0.00000239
0.0000008
0.00000133
0.00000125
0.000000891
0.00000184
0.000000587
0.00000379
0.00000145
6.02E-08
0.0000296
0.0000013
0.0000012
0.00000207
7.86E-08
0.0000028
0.000000322
0.000000208
0.000000107
0.000000921
0.00000357
2.52E-06
0.00001
5.53E-07
0.000000567
0.00000104
0.000000296
0.00000117
0.000000199
0.00000037
4.14E-08
0.000000216
0.000000683
0.000000255
0.00000186
0.000000475
0.000000862
1.07E-06
0.000017
0.00000175
2.88E-06
0.000000773
0.000000991
0.00000432
0.000000336
0.00000827
0.00000126
0.00000271
0.00000139
0.000000164
0.0000365
0.000000959
0.000000166
0.00000047
0.000000445
0.000000182
6.69E-08
0.0000071
0.000000145
0.000000243
0.000000912
0.00000791
0.0000014
0.000000422
0.000000167
0.000000898
1.92E-06
0.000000063
0.000000401
0.0000039
0.0000052
0.000000702
0.00000217
5.70E-06
0.000000817
0.000000369
0.00000594
0.00000191
0.0000234
0.00000997
0.0000281
0.000000485
0.000000671
0.00000116
0.00000397
0.0000113
3.83E-05
0.00000643
0.00000348
0.00000179
3.30E-06
1.72E-06
0.00000324
0.00000135
0.000000287
4.93E-06
0.00000408
0.000000812
0.000000798
0.000000611
0.000000167
0.00000597
2.39E-07
0.00000088
0.000000232
0.0000158
0.000000578
0.00000727
2.97E-08
0.0000056
0.00000205
0.000000238
0.0000158
0.0000021
0.00000259
0.00000499
0.0000011
0.000000439
0.00000299
1.45E-06
2.59E-05
0.00000256
0.0000175
0.00000138
0.00000115
0.000000391
0.00000807
0.000000852
0.0000015
0.0000119
0.000000173
0.00000127
0.00000322
0.00000195
0.000000411
0.00000195
0.00000885
0.000000336
0.000000507
0.00000347
0.00000167
0.0000373
0.00000654
0.00000207
0.000000161
0.000000529
0.00000585
0.000000144
0.0000206
0.00000441
0.00000492
0.00000562
0.000000533
0.00000247
0.00000206
0.000000399
0.00000143
0.00000075
0.00000234
0.00000025
0.000000464
0.0000015
0.00000883
0.000000496
0.000000346
0.00000618
0.000000386
7.52E-08
4.64E-08
0.00000328
0.000000182
0.000000198
0.000000822
0.00000158
0.000000316
2.64E-08
0.00000122
0.000000268
0.00000114
0.000000139
0.000000364
0.000000242
9.35E-08
0.000000677
0.0000032
0.0000018
0.00000146
0.000000195
0.00000164
0.00000582
0.00000218
7.12E-06
0.0000127
0.00000301
0.00000038
4.44E-08
0.00000125
0.000000365
0.00000565
0.000000954
0.00000147
0.0000253
0.00000293
0.000000613
1.54E-06
0.00000104
0.00000921
3.29E-07
0.00000109
0.0000165
0.00000466
0.00000218
0.0000107
0.0000112
0.000000137
0.000000221
0.000000267
0.00000324
9.08E-08
0.0000241
0.00000023
9.11E-08
0.000000434
0.00000013
0.00000278
0.00000783
0.00000395
0.000000108
0.000000638
4.22E-06
0.000000291
0.00000181
0.000000141
5.30E-06
0.0000032
0.000000134
0.000000519
0.000000038
0.00000572
2.46E-06
0.00000336
0.000000323
0.00000351
0.0000855
0.00000445
0.0000091
0.000000617
0.000000619
0.0000003
0.00000462
0.000000202
6.95E-07
0.000000515
1.64E-08
3.09E-08
0.00000356
0.000000073
0.000000739
0.000000155
0.00000182
0.0000108
0.00000107
6.52E-08
0.000000936
0.00000744
0.000000667
0.00000227
0.00000851
0.00000135
0.00000113
0.00000157
0.00000049
0.00000136
0.00000171
0.00000783
7.31E-08
0.00000165
0.00000257
0.00000161
0.00000398
4.92E-08
0.00000233
0.000000844
0.0000014
0.0000016
0.000000674
0.000000445
1.58E-06
2.93E-06
0.00000163
1.20E-06
0.00000098
0.00000116
0.00000442
0.000000265
0.00000217
1.67E-08
8.19E-07
0.000000841
0.00000162
0.00000237
3.40E-06
2.05E-06
0.00000383
0.00000063
0.00000435
0.00000513
1.51E-05
7.13E-09
0.000000338
0.000000472
1.11E-06
0.000000413
1.58E-05
4.08E-06
0.000000235
0.000000639
0.00000114
0.00000028
