##GRBname	z	T90	Exposure	fluence	Flux[ph]	Flux[erg]
GRB180728A	0.117	8.68	36.76	3.01E-05	131.61	8.51E-06
GRB180720B	0.654	108.4	531.5	8.44E-05	2.39	6.31E-06
GRB180624A	2.855	466.65	549.2	5.52E-06	1.38	8.96E-08
GRB180620B	1.118	223.97	321.8	9.97E-06	3.64	3.29E-07
GRB180510B	1.305	134.02	157	2.12E-06	1.22	8.63E-08
GRB180404A	1	36.28	46.63	1.27E-06	1.32	9.32E-08
GRB180329B	1.998	213.54	267.1	3.21E-06	1.43	9.09E-08
GRB180325A	2.25	92.83	107.9	6.39E-06	0.53	9.15E-07
GRB180314A	1.445	50.46	121.6	1.06E-05	7.75	5.78E-07
GRB180205A	1.409	15.54	17.91	1.02E-06	3.37	2.33E-07
GRB180115A	2.487	39.14	43.76	7.56E-07	0.58	4.48E-08
GRB171222A	2.409	173.87	202.1	1.88E-06	0.67	3.91E-08
GRB171205A	0.037	190.47	240	3.53E-06	0.95	5.89E-08
GRB171020A	1.87	41.86	47.62	1.16E-06	0.73	6.03E-08
GRB170903A	0.886	27.72	35.7	2.36E-06	3.91	2.56E-07
GRB170705A	2.01	223.2	310	9.22E-06	13.56	1.13E-06
GRB170607A	0.557	320	352	7.63E-06	2.71	1.92E-07
GRB170604A	1.329	26.53	30.5	5.09E-06	4.25	3.08E-07
GRB170531B	2.366	170.3	181.3	1.92E-06	0.75	5.15E-08
GRB170519A	0.818	220.25	231.5	1.12E-06	0.68	5.42E-08
GRB170202A	3.645	37.76	76.21	3.34E-06	4.75	4.09E-07
GRB170113A	1.968	20.3	23.54	6.63E-07	1.07	8.98E-08
GRB161219B	0.148	6.93	8.91	1.54E-06	5.3	3.74E-07
GRB161129A	0.645	35.54	44.53	3.59E-06	3.31	2.91E-07
GRB161117A	1.549	125.7	160.4	2.02E-05	6.81	4.60E-07
GRB161108A	1.159	115.84	128.7	1.10E-06	0.6	3.60E-08
GRB161017A	2.013	217.05	246.7	5.37E-06	2.81	2.49E-07
GRB161014A	2.823	23	27	2.21E-06	2.68	1.79E-07
GRB160804A	0.736	152.74	222	1.09E-05	2.84	2.01E-07
GRB160425A	0.555	304.6	320.3	2.01E-06	2.83	2.11E-07
GRB160327A	4.99	33.74	49.22	1.36E-06	1.7	1.25E-07
GRB160314A	0.726	8.73	9.35	2.75E-07	0.91	6.89E-08
GRB160228A	1.64	98.91	119.6	1.93E-06	1.17	1.38E-07
GRB160227A	2.38	316.35	336.4	3.12E-06	0.61	5.72E-08
GRB160203A	3.52	17.44	19.7	9.93E-07	1.29	7.93E-08
GRB160131A	0.972	327.75	774.5	2.01E-05	0.3	5.80E-07
GRB160121A	1.96	10.5	15	6.13E-07	1.18	7.79E-08
GRB160117B	0.87	11.54	14.45	3.38E-07	1.73	1.05E-07
GRB151215A	2.59	17.85	18.59	3.08E-07	1.59	1.24E-07
GRB151031A	1.167	5	6	3.37E-07	1.72	1.03E-07
GRB151029A	1.423	8.95	13.22	4.37E-07	1.73	1.08E-07
GRB151027A	0.81	129.58	164.1	7.29E-06	6.85	5.82E-07
GRB151021A	2.33	110.06	149	2.74E-05	9.74	7.66E-07
GRB150910A	1.36	112.27	151.3	4.77E-06	1.07	8.28E-08
GRB150818A	0.282	143.06	201.3	4.26E-06	2.35	1.46E-07
GRB150727A	0.313	87.96	104.6	3.61E-06	1.04	9.79E-08
GRB150413A	3.139	243.6	281	4.27E-06	1.67	1.31E-07
GRB150403A	2.06	37.3	228.5	1.71E-05	0.98	1.71E-06
GRB150323A	0.593	149.73	192.9	5.60E-06	4.61	3.02E-07
GRB150314A	1.758	14.78	103.6	2.25E-05	37.99	3.81E-06
GRB150301B	1.517	17.14	24.98	1.98E-06	3.01	2.40E-07
GRB150206A	2.087	75	411.9	1.48E-05	10.06	8.99E-07
GRB150120B	3.5	24.34	28.18	5.34E-07	1.22	7.70E-08
GRB141225A	0.915	86.15	124.9	2.81E-06	1.35	1.34E-07
GRB141221A	1.452	36.82	44.44	2.11E-06	3.06	2.72E-07
GRB141121A	1.47	481	552.7	4.32E-06	0.88	5.77E-08
GRB141109A	2.993	200.19	322.6	6.66E-06	2.41	2.10E-07
GRB141026A	3.35	139.48	166.9	1.29E-06	0.36	3.04E-08
GRB141004A	0.573	3.92	6.19	6.68E-07	6.13	4.30E-07
GRB140907A	1.21	80	144	4.51E-06	1.57	1.29E-07
GRB140710A	0.558	3	4	2.29E-07	1.48	1.05E-07
GRB140703A	3.14	68.64	137.5	3.88E-06	2.77	2.42E-07
GRB140629A	2.275	38.27	54.85	2.29E-06	4.32	3.50E-07
GRB140614A	4.233	77.39	96.82	1.03E-06	0.32	3.34E-08
GRB140518A	4.707	60.52	64.02	1.06E-06	0.97	7.07E-08
GRB140515A	6.33	23.42	25.79	6.19E-07	0.91	6.31E-08
GRB140512A	0.725	154.11	201	1.30E-05	6.05	5.13E-07
GRB140509A	2.4	23.22	26.86	1.23E-06	1.55	1.18E-07
GRB140506A	0.889	111.1	120.4	2.66E-06	10.64	8.67E-07
GRB140430A	1.6	173.59	177.9	1.13E-06	2.5	1.99E-07
GRB140428A	4.7	17.42	20.02	3.40E-07	0.64	5.05E-08
GRB140423A	3.26	134.14	239	9.37E-06	2.15	1.86E-07
GRB140419A	3.956	80.08	134	1.57E-05	4.5	4.18E-07
GRB140318A	1.02	7.6	9.43	2.85E-07	0.54	5.02E-08
GRB140311A	4.954	70.48	76.67	2.10E-06	1.28	8.83E-08
GRB140304A	5.283	14.78	17.31	1.10E-06	1.66	1.41E-07
GRB140301A	1.416	27.8	40.8	4.55E-07	0.81	6.32E-08
GRB140213A	1.208	59.93	87.74	1.20E-05	23.55	1.63E-06
GRB140206A	2.73	94.19	294.4	1.64E-05	19.95	1.69E-06
GRB140114A	3	139.95	183.1	3.20E-06	0.95	5.66E-08
GRB131227A	5.3	17.99	20.42	8.41E-07	1.15	8.61E-08
GRB131117A	4.042	10.88	12.42	2.98E-07	0.66	4.88E-08
GRB131103A	0.596	15.21	18.54	8.12E-07	1.56	1.25E-07
GRB131030A	1.293	39.42	148.9	2.91E-05	28.09	2.68E-06
GRB130907A	1.238	364.37	839.5	1.36E-04	1.27	2.44E-06
GRB130831A	0.479	30.19	43.23	6.50E-06	13.56	9.44E-07
GRB130701A	1.155	4.38	6.49	4.38E-06	17.1	1.44E-06
GRB130612A	2.006	4	4	2.81E-07	1.62	9.67E-08
GRB130610A	2.092	47.72	69.48	2.53E-06	1.72	1.49E-07
GRB130606A	5.913	276.66	298.3	2.76E-06	2.51	2.34E-07
GRB130604A	1.06	76.28	96.21	1.54E-06	0.77	6.30E-08
GRB130514A	3.6	214.19	280.7	9.00E-06	2.93	2.23E-07
GRB130511A	1.303	2.74	2.9	1.74E-07	1.26	9.85E-08
GRB130427B	2.78	25.9	30.11	1.45E-06	3.15	2.51E-07
GRB130427A	0.34	244.33	711.2	3.73E-04	358.63	3.79E-05
GRB130420A	1.297	121.14	203.1	7.59E-06	3.33	2.16E-07
GRB130418A	1.218	274.92	313.1	1.77E-06	0.67	3.35E-08
GRB130408A	3.758	4.24	4.66	1.67E-06	5.12	3.45E-07
GRB130215A	0.597	66.22	79.55	5.40E-06	2.58	1.85E-07
GRB130131B	2.539	4.3	4.65	3.38E-07	0.96	7.76E-08
GRB121229A	2.707	111.46	146.5	8.40E-07	0.43	3.51E-08
GRB121217A	3.1	778.09	801.5	6.17E-06	1.75	1.34E-07
GRB121211A	1.023	182.7	197.1	1.27E-06	1.02	9.84E-08
GRB121209A	2.1	42.92	46.88	2.87E-06	3.38	3.35E-07
GRB121201A	3.385	38	46	7.20E-07	0.8	5.92E-08
GRB121128A	2.2	23.43	41.69	5.83E-06	12.46	1.04E-06
GRB121024A	2.298	67.97	82.37	1.10E-06	1.37	1.25E-07
GRB120923A	7.84	26.08	29.57	3.89E-07	0.63	4.14E-08
GRB120922A	3.1	168.22	238.3	5.52E-06	1.69	1.06E-07
GRB120909A	3.93	220.6	598.2	7.50E-06	1.81	1.69E-07
GRB120907A	0.97	6.08	6.96	5.88E-07	2.86	2.28E-07
GRB120815A	2.359	7.23	12.21	4.92E-07	2.23	1.41E-07
GRB120811C	2.671	24.34	41.06	2.84E-06	3.96	2.60E-07
GRB120802A	3.796	50.29	63.63	1.64E-06	3.03	2.15E-07
GRB120729A	0.8	93.93	144.9	2.51E-06	2.81	1.93E-07
GRB120724A	1.48	77.92	98.63	8.00E-07	0.72	4.38E-08
GRB120722A	0.959	36.32	42.94	1.33E-06	1	7.57E-08
GRB120714B	0.398	157.31	175.4	1.25E-06	0.35	2.23E-08
GRB120712A	4.175	14.81	21.1	1.84E-06	2.3	1.99E-07
GRB120624B	2.197	179.66	207.9	2.96E-05	5.39	5.11E-07
GRB120521C	5.93	27.07	32.9	1.20E-06	1.92	1.66E-07
GRB120422A	0.283	60.35	62.4	3.22E-07	0.57	5.37E-08
GRB120404A	2.876	38.72	45.76	1.58E-06	1.16	7.62E-08
GRB120401A	4.5	130.27	145.7	9.21E-07	0.38	4.21E-08
GRB120327A	2.815	63.53	90.36	3.57E-06	3.88	3.28E-07
GRB120326A	1.798	69.48	90.58	2.52E-06	4.74	3.10E-07
GRB120224A	1.1	7	8	2.16E-07	0.85	4.39E-08
GRB120211A	2.4	64.32	73.98	8.62E-07	0.46	3.61E-08
GRB120119A	1.728	68	227	1.70E-05	9.69	8.61E-07
GRB120118B	2.943	20.3	29.4	1.75E-06	2.16	1.38E-07
GRB111229A	1.381	25.37	27.23	3.36E-07	0.97	6.89E-08
GRB111228A	0.716	101.24	128.2	8.27E-06	12.23	8.06E-07
GRB111225A	0.297	105.73	121.3	1.26E-06	0.65	4.43E-08
GRB111129A	1.08	8.48	8.98	1.82E-07	0.92	5.01E-08
GRB111123A	3.152	290	490	7.10E-06	0.89	7.33E-08
GRB111107A	2.893	31.07	37.55	9.12E-07	1.24	1.12E-07
GRB111008A	4.99	62.85	71.42	5.20E-06	6.42	5.41E-07
GRB111005A	0.013	23.21	28.1	5.75E-07	1.13	7.12E-08
GRB110818A	3.36	102.84	131.6	3.99E-06	1.57	1.41E-07
GRB110808A	1.348	40.7	45.04	3.69E-07	0.58	3.81E-08
GRB110801A	1.858	385.26	409.1	4.56E-06	1.01	6.58E-08
GRB110731A	2.83	40.94	81.33	5.94E-06	10.67	8.91E-07
GRB110726A	1.036	5.16	5.88	2.45E-07	1.01	7.19E-08
GRB110715A	0.822	13	24	1.20E-05	52.42	4.24E-06
GRB110503A	1.613	58.7	210.2	1.13E-05	29.63	2.79E-06
GRB110422A	1.77	25.78	47.92	3.83E-05	28.88	2.75E-06
GRB110213A	1.461	48	64	5.97E-06	1.56	7.15E-08
GRB110205A	2.22	249.42	507.4	1.58E-05	3.12	2.54E-07
GRB110128A	2.339	14.15	16.56	5.78E-07	0.76	6.43E-08
GRB110106B	0.618	43.42	53.95	2.05E-06	2.06	1.53E-07
GRB101219B	0.552	41.86	49.15	2.59E-06	1.67	1.15E-07
GRB101213A	0.414	131.12	200	4.99E-06	2.27	1.98E-07
GRB100906A	1.727	114.63	130.7	1.19E-05	10.02	7.95E-07
GRB100902A	4.5	428.83	459.1	3.22E-06	0.96	6.92E-08
GRB100901A	1.408	436.66	460.8	1.95E-06	0.79	5.19E-08
GRB100814A	1.44	177.26	247.8	8.85E-06	2.47	2.74E-07
GRB100728B	2.106	12.08	14.94	1.67E-06	3.47	2.60E-07
GRB100728A	1.567	193.38	412.6	3.73E-05	5	5.28E-07
GRB100704A	3.6	196.88	264.6	5.85E-06	4.3	4.04E-07
GRB100621A	0.542	63.55	210.4	2.06E-05	12.61	9.32E-07
GRB100615A	1.398	38.82	47.45	4.92E-06	5.56	4.01E-07
GRB100513A	4.772	83.5	105	1.43E-06	0.57	4.77E-08
GRB100508A	0.52	49.26	59.91	7.50E-07	0.47	4.22E-08
GRB100425A	1.755	38.97	41.49	4.64E-07	1.37	7.34E-08
GRB100424A	2.465	104	125	1.50E-06	0.33	2.29E-08
GRB100418A	0.624	7.93	9.42	3.46E-07	1.04	5.03E-08
GRB100413A	3.9	192.64	226.5	6.18E-06	0.64	6.85E-08
GRB100316B	1.18	3.84	4.4	1.98E-07	1.34	7.75E-08
GRB100316A	3.155	6.75	7.97	8.22E-07	2.26	1.75E-07
GRB100302A	4.813	17.95	19.65	3.16E-07	0.47	3.79E-08
GRB100219A	4.667	27.57	39.03	4.65E-07	0.4	3.15E-08
GRB100213B	0.604	91.86	117.2	1.22E-06	0.8	5.11E-08
GRB091208B	1.063	14.8	19.5	3.20E-06	14.62	1.11E-06
GRB091127	0.49	6.96	7.57	8.58E-06	45.31	2.99E-06
GRB091109A	3.076	48.03	52.59	1.64E-06	1.23	9.90E-08
GRB091029	2.752	39.18	61.97	2.41E-06	1.72	1.09E-07
GRB091024	1.092	112.28	150.2	5.98E-06	2.06	1.85E-07
GRB091020	1.71	38.92	56.74	3.80E-06	4.18	3.64E-07
GRB091018	0.971	4.37	8.02	1.52E-06	10.38	5.91E-07
GRB090927	1.37	2.16	2.42	1.98E-07	1.9	1.31E-07
GRB090926B	1.24	99.28	152	7.12E-06	3.16	2.71E-07
GRB090814A	0.696	78.06	87.33	1.25E-06	0.54	4.23E-08
GRB090812	2.452	74.5	119.3	5.73E-06	3.55	3.52E-07
GRB090809A	2.737	8.87	9.97	3.65E-07	1.08	8.62E-08
GRB090726	2.71	56.68	65.44	7.86E-07	0.79	5.31E-08
GRB090715B	3	266.4	304	5.65E-06	3.75	3.11E-07
GRB090709A	1.8	88.74	168.8	2.53E-05	7.79	7.24E-07
GRB090618	0.54	113.34	218.6	1.09E-04	1.73	3.13E-06
GRB090530	1.266	40.46	48.55	1.09E-06	3.19	2.66E-07
GRB090529A	2.625	70.44	79.88	1.04E-06	0.69	4.91E-08
GRB090519	3.85	58.04	67.29	1.18E-06	0.57	6.86E-08
GRB090516A	4.109	181.01	233.3	9.21E-06	2.31	1.19E-07
GRB090429B	9.38	5.58	6.94	3.29E-07	1.63	1.14E-07
GRB090424	0.544	49.46	103.2	2.18E-05	69.92	5.81E-06
GRB090423	8.26	10.3	12.41	6.24E-07	1.74	1.24E-07
GRB090418A	1.608	56.3	69.41	4.66E-06	1.9	1.58E-07
GRB090407	1.449	315.47	347	1.14E-06	0.66	6.22E-08
GRB090404	2.87	82.02	129.8	3.12E-06	1.97	1.32E-07
GRB090313	3.374	83.04	96.06	1.51E-06	0.75	5.79E-08
GRB090205	4.65	8.81	9.54	2.03E-07	0.48	2.97E-08
GRB090201	2.1	74.26	86.14	2.89E-05	14.57	1.41E-06
GRB090113	1.749	9.1	10.87	7.75E-07	2.47	2.24E-07
GRB081230	2.03	60.69	76.86	8.59E-07	0.71	5.53E-08
GRB081228	3.44	3	3	9.27E-08	0.62	4.13E-08
GRB081222	2.77	33	65	5.22E-06	7.46	6.45E-07
GRB081221	2.26	33.91	112.6	1.89E-05	17.95	1.50E-06
GRB081210	2.063	145.91	155.8	1.85E-06	2.45	2.10E-07
GRB081203A	2.05	223	474	7.83E-06	2.82	2.46E-07
GRB081121	2.512	17.52	19.76	5.08E-06	4.15	3.63E-07
GRB081118	2.58	53.4	69.95	1.18E-06	0.6	4.37E-08
GRB081109A	0.979	221.49	380.5	4.00E-06	1.41	1.01E-07
GRB081029	3.848	275.1	306.5	2.14E-06	0.45	3.06E-08
GRB081028A	3.038	284.42	367.7	3.95E-06	0.57	4.09E-08
GRB081008	1.968	187.82	261.8	4.25E-06	1.29	1.05E-07
GRB081007	0.53	9.73	15.49	7.61E-07	2.87	1.63E-07
GRB080928	1.692	233.66	266.7	2.43E-06	2.08	1.58E-07
GRB080916A	0.689	61.35	91.04	4.22E-06	2.62	2.51E-07
GRB080913	6.733	7.46	8.33	5.72E-07	1.37	1.10E-07
GRB080906	2.13	148.21	214.6	3.65E-06	1.02	8.12E-08
GRB080905B	2.374	120.94	150.4	1.81E-06	1.62	1.26E-07
GRB080810	3.36	107.67	127	4.64E-06	1.98	1.69E-07
GRB080805	1.504	106.62	138	2.65E-06	1.04	1.15E-07
GRB080804	2.205	37.87	113.2	3.79E-06	3.06	2.53E-07
GRB080721	2.591	129.7	370.4	1.55E-05	0.71	1.93E-06
GRB080710	0.845	142.99	162.8	1.53E-06	0.92	6.05E-08
GRB080707	1.232	30.16	33.09	6.26E-07	1.06	6.09E-08
GRB080607	3.037	78.97	161.8	2.47E-05	23.3	2.37E-06
GRB080605	1.64	18.06	28.11	1.34E-05	0.94	1.92E-06
GRB080604	1.417	77.61	86.87	7.89E-07	0.38	3.15E-08
GRB080603B	2.689	59.12	68.37	2.46E-06	3.53	3.19E-07
GRB080602	1.82	74.29	80.73	3.26E-06	2.73	2.88E-07
GRB080520	1.546	3.32	3.64	5.89E-08	0.49	2.42E-08
GRB080517	0.089	64.51	69.15	5.87E-07	0.6	4.03E-08
GRB080516	3.2	5.76	5.97	2.67E-07	1.7	1.31E-07
GRB080515	2.47	20.86	27.73	2.58E-06	3.42	2.08E-07
GRB080430	0.767	13.87	17.66	1.17E-06	2.66	1.82E-07
GRB080413B	1.101	8	12	3.36E-06	18.13	1.40E-06
GRB080413A	2.433	46.36	50.42	3.52E-06	5.52	4.91E-07
GRB080411	1.03	56.33	77.55	2.65E-05	40.61	3.04E-06
GRB080330	1.512	60.36	62.67	2.94E-07	0.94	4.72E-08
GRB080325	1.78	166.74	203.4	5.01E-06	1.43	7.05E-08
GRB080319C	1.949	29.55	43.75	3.51E-06	5.09	4.65E-07
GRB080319B	0.938	124.86	248	8.55E-05	1.24	2.37E-06
GRB080319A	2.027	43.62	49.38	4.45E-06	2.6	1.62E-07
GRB080310	2.427	363.21	390.2	2.31E-06	1.32	8.42E-08
GRB080210	2.642	42.26	60.29	1.80E-06	1.59	1.33E-07
GRB080207	2.086	292.46	327.7	6.40E-06	1.1	8.66E-08
GRB080205	2.72	106.3	115.5	2.03E-06	1.4	8.81E-08
GRB080129	4.349	50.18	55.89	8.39E-07	0.55	5.10E-08
GRB071122	1.14	71.43	85.1	6.16E-07	0.41	2.25E-08
GRB071117	1.331	6.08	14.32	2.42E-06	0.42	1.06E-06
GRB071031	2.692	180.64	197	8.98E-07	0.54	3.22E-08
GRB071025	5.2	241.3	398.8	7.32E-06	1.71	1.30E-07
GRB071021	2.452	228.72	284.3	1.36E-06	0.63	5.15E-08
GRB071020	2.146	4.3	10.58	2.34E-06	0.61	8.67E-07
GRB071010B	0.947	36.12	59.57	4.62E-06	7.37	5.03E-07
GRB071010A	0.985	6.32	7.02	2.02E-07	0.89	4.53E-08
GRB071003	1.604	148.39	175.2	8.35E-06	6.35	6.35E-07
GRB070810A	2.17	9.04	12.74	6.72E-07	1.89	1.25E-07
GRB070808	1.35	58.43	69.89	1.29E-06	1.94	1.73E-07
GRB070802	2.454	15.8	17.96	2.79E-07	0.45	2.31E-08
GRB070721B	3.63	336.86	366.6	3.56E-06	1.56	1.57E-07
GRB070714A	1.58	3	3	1.55E-07	1.9	9.42E-08
GRB070612A	0.617	365.28	422.6	1.08E-05	1.37	1.49E-07
GRB070611	2.039	13.18	16	4.03E-07	0.8	5.44E-08
GRB070529	2.5	108.9	118.5	2.48E-06	1.46	1.11E-07
GRB070521	2.087	38.63	64.27	8.21E-06	0.4	6.19E-07
GRB070518	1.16	5.5	6.29	1.67E-07	0.67	4.08E-08
GRB070508	0.82	20.9	48.74	2.01E-05	24.25	2.24E-06
GRB070506	2.309	5.99	7.4	2.30E-07	0.99	6.97E-08
GRB070420	3.01	77.02	129.4	1.42E-05	7.06	5.62E-07
GRB070419B	1.959	238.01	324.1	7.44E-06	1.36	1.15E-07
GRB070411	2.954	115.69	157.4	2.69E-06	0.93	7.09E-08
GRB070328	2.06	72.12	141.1	9.15E-06	4.21	3.84E-07
GRB070318	0.84	130.37	172.5	2.62E-06	1.61	1.32E-07
GRB070306	1.496	209.24	304.1	5.46E-06	4.06	3.03E-07
GRB070223	1.63	128	144	1.79E-06	0.44	3.04E-08
GRB070208	1.165	64	64	5.18E-07	0.38	3.42E-08
GRB070129	2.338	459.75	504.5	3.00E-06	0.56	3.55E-08
GRB070110	2.352	88.43	110.9	1.63E-06	0.61	4.73E-08
GRB070103	2.621	18.41	19.52	3.29E-07	1.05	6.80E-08
GRB061222B	3.355	37.25	49.78	2.27E-06	1.5	8.64E-08
GRB061222A	2.088	100	216	8.51E-06	7.45	7.33E-07
GRB061202	2.254	94.19	148.3	3.45E-06	2.47	2.02E-07
GRB061126	1.159	52.62	95.42	6.65E-06	0.46	9.60E-07
GRB061121	1.315	81.22	122.1	1.39E-05	1	1.96E-06
GRB061110B	3.434	135.25	149.2	1.35E-06	0.46	4.32E-08
GRB061110A	0.758	44.51	53.68	1.13E-06	0.47	2.85E-08
GRB061021	0.346	47.82	64.97	3.01E-06	6.12	5.44E-07
GRB061007	1.262	75.74	252.3	4.50E-05	0.96	1.56E-06
GRB060927	5.464	22.42	24.74	1.12E-06	2.68	2.46E-07
GRB060926	3.209	8.82	10.23	2.32E-07	1.1	5.86E-08
GRB060923B	1.51	8.95	9.96	4.90E-07	1.42	7.38E-08
GRB060923A	2.47	58.49	63.72	9.77E-07	1.37	1.07E-07
GRB060912A	0.937	5.03	6.68	1.36E-06	8.54	6.07E-07
GRB060908	1.884	19.3	28.49	2.81E-06	2.98	2.71E-07
GRB060906	3.686	44.59	50.1	2.29E-06	1.98	1.22E-07
GRB060904B	0.703	189.98	214.2	1.71E-06	2.43	2.09E-07
GRB060904A	2.55	80.06	133.6	7.83E-06	4.91	4.38E-07
GRB060814	1.923	145.07	230	1.48E-05	7.31	6.06E-07
GRB060805A	2.363	4.93	5.74	7.31E-08	0.31	2.18E-08
GRB060729	0.543	113.04	127.6	2.61E-06	1.15	7.60E-08
GRB060719	1.532	66.92	84.96	1.53E-06	2.15	1.39E-07
GRB060714	2.711	116.06	134.2	2.88E-06	1.27	9.69E-08
GRB060708	1.92	10.03	14.44	4.99E-07	1.91	1.56E-07
GRB060707	3.424	66.64	74.4	1.58E-06	1.08	7.59E-08
GRB060614	0.125	109.1	180.6	1.88E-05	11.49	8.37E-07
GRB060607A	3.075	103.03	125.9	2.57E-06	1.4	1.28E-07
GRB060605	3.773	79.84	85.28	7.11E-07	0.47	4.73E-08
GRB060602A	0.787	74.84	82.62	1.61E-06	0.56	3.72E-08
GRB060526	3.221	298.04	310.5	1.29E-06	1.67	1.38E-07
GRB060522	5.11	69.12	77.16	1.13E-06	0.54	3.41E-08
GRB060512	2.1	8.4	9.29	2.31E-07	0.89	4.15E-08
GRB060510B	4.941	262.94	300.4	3.98E-06	0.57	4.51E-08
GRB060502A	1.503	28.45	44.63	2.33E-06	1.73	1.67E-07
GRB060428B	0.348	96	128	8.44E-07	0.31	1.72E-08
GRB060418	1.49	109.08	219.1	8.40E-06	6.56	4.99E-07
GRB060319	1.172	10.29	12.43	2.65E-07	1.07	6.20E-08
GRB060306	1.559	60.94	68.27	2.15E-06	5.92	4.70E-07
GRB060223A	4.41	11.32	12.96	6.74E-07	1.35	9.94E-08
GRB060210	3.912	288	368	7.68E-06	1.2	1.18E-07
GRB060206	4.056	7.55	14.26	8.42E-07	2.78	2.01E-07
GRB060204B	2.339	139.46	195	2.93E-06	1.33	1.03E-07
GRB060202	0.783	192.88	217	2.22E-06	0.53	4.24E-08
GRB060124	2.3	13.42	14.75	4.65E-07	0.86	6.33E-08
GRB060117	4.6	16.85	28.26	2.10E-05	48.49	3.68E-06
GRB060116	6.6	104.83	114.4	2.39E-06	1.17	9.10E-08
GRB060115	3.533	139.09	159	1.71E-06	0.86	7.20E-08
GRB060111A	2.32	13.21	18.23	1.20E-06	1.71	1.33E-07
GRB060108	2.03	14.22	17.25	3.72E-07	0.75	5.28E-08
GRB051117B	0.481	9.02	9.61	1.75E-07	0.5	3.81E-08
GRB051111	1.549	64	96	4.27E-06	1.83	1.62E-07
GRB051109B	0.08	15.7	18.96	2.65E-07	0.57	3.70E-08
GRB051109A	2.346	37.2	44.3	2.17E-06	3.88	3.01E-07
GRB051016B	0.936	4	4.5	1.67E-07	1.29	8.25E-08
GRB051006	1.059	35.41	40.94	1.35E-06	1.68	1.37E-07
GRB051001	2.43	190.26	224.7	1.76E-06	0.48	3.55E-08
GRB050922C	2.2	4.55	6.8	1.62E-06	7.09	5.84E-07
GRB050922B	4.5	157.02	249.2	2.37E-06	1.09	9.03E-08
GRB050915A	2.527	53.42	65.98	8.36E-07	0.76	7.33E-08
GRB050908	3.347	18.28	22.66	4.83E-07	0.7	5.33E-08
GRB050904	6.295	181.58	230.5	5.21E-06	0.63	5.38E-08
GRB050826	0.296	29.6	39.79	4.20E-07	0.37	3.17E-08
GRB050824	0.828	25.01	27.15	2.78E-07	0.48	3.25E-08
GRB050822	1.434	104.29	135.2	2.51E-06	2.23	1.38E-07
GRB050820A	2.615	240.77	261.4	3.83E-06	2.44	2.27E-07
GRB050819	2.504	37.72	47.3	3.48E-07	0.4	2.62E-08
GRB050814	5.3	142.85	180	1.91E-06	0.67	4.83E-08
GRB050803	3.5	88.12	105.5	2.16E-06	0.96	8.15E-08
GRB050802	1.71	27.46	33.47	2.21E-06	2.66	2.21E-07
GRB050801	1.38	19.57	25.64	3.09E-07	1.47	1.18E-07
GRB050730	3.969	154.6	177.8	2.36E-06	0.56	4.60E-08
GRB050726	0.165	46.5	56.46	1.96E-06	1.37	1.25E-07
GRB050714B	2.438	49.36	54.76	6.30E-07	0.55	3.38E-08
GRB050603	2.821	21	41	8.21E-06	0.76	1.81E-06
GRB050525A	0.606	8.84	12.8	1.51E-05	43.85	3.48E-06
GRB050505	4.275	58.85	62.57	2.49E-06	1.84	1.67E-07
GRB050502B	5.2	17.72	20.49	4.72E-07	1.39	1.06E-07
GRB050416A	0.653	6.67	9.45	4.13E-07	4.86	2.22E-07
GRB050406	2.7	5.78	6.4	7.77E-08	0.34	1.77E-08
GRB050401	2.898	32.09	33.71	8.09E-06	12.17	1.10E-06
GRB050319	3.243	151.58	161.9	1.33E-06	1.46	8.90E-08
GRB050318	1.444	16.12	30.34	1.04E-06	3.13	2.16E-07
GRB050315	1.95	95.4	125.2	3.17E-06	1.89	1.12E-07
GRB050223	0.584	22.68	28.58	6.48E-07	0.65	5.04E-08
GRB050219A	0.212	23.81	36.21	4.08E-06	3.43	3.09E-07
GRB050215B	2.52	11.04	15.44	2.35E-07	0.67	5.06E-08
GRB050126	1.29	48	48	8.85E-07	0.31	2.72E-08