 index
   49.1500000000000     
   49.4500000000000     
   49.7500000000000     
   50.0500000000000     
   50.3500000000000     
   50.6500000000000     
   50.9500000000000     
   51.2500000000000     
   51.5500000000000     
   51.8500000000000     
   52.1500000000000     
   52.4500000000000     
   52.7500000000000     
   53.0500000000000     
   53.3500000000000     
   53.6500000000000     
   53.9500000000000     
   54.2500000000000     
   54.5500000000000     
   54.8500000000000     
