 index
   46.2000000000000     
   46.6000000000000     
   47.0000000000000     
   47.4000000000000     
   47.8000000000000     
   48.2000000000000     
   48.6000000000000     
   49.0000000000000     
   49.4000000000000     
   49.8000000000000     
   50.2000000000000     
   50.6000000000000     
   51.0000000000000     
   51.4000000000000     
   51.8000000000000     
   52.2000000000000     
   52.6000000000000     
   53.0000000000000     
   53.4000000000000     
   53.8000000000000     
