 Lp
   1.00000000000000     
   1.00000000000000     
   1.00000000000000     
   1.00000000000000     
  0.999913502292189     
  0.999827004584379     
  0.999654009168757     
  0.999221520629703     
  0.997059077934435     
  0.991004238387683     
  0.974915664734885     
  0.935905198512239     
  0.850445463195225     
  0.691981662485944     
  0.478764812732463     
  0.278349623734971     
  0.137271862295649     
  6.167286566905977E-002
  2.387336735576507E-002
  7.611798287345386E-003
