 fluence
  6.275889253669198E-004
  1.743303752322506E-003
  4.079334093016157E-003
  1.101770743095641E-002
  2.569638693127796E-002
  5.923774726725608E-002
  0.132352325696416     
  0.271642483473191     
  0.437988435952758     
  0.605100407403077     
  0.673819912274561     
  0.618974564187263     
  0.473722524354093     
  0.313897105300283     
  0.191273762458588     
  0.102854012402510     
  4.870743575433389E-002
  2.161672218792574E-002
  5.648240154803619E-003
  0.000000000000000E+000
