 t90
  6.262254193823250E-002
  9.645162644919519E-002
  0.148357321004184     
  0.203878337567978     
  0.304009845347564     
  0.386968573585325     
  0.501044894827446     
  0.594397673840522     
  0.669867520774330     
  0.719255401787472     
  0.740430859267617     
  0.694593740941694     
  0.624740554985851     
  0.522930504845034     
  0.414083488651364     
  0.288063692915869     
  0.199746540986486     
  0.122985507620962     
  7.282291474878995E-002
  4.015589802637177E-002
