 z
  -1.35647322133508     
 -0.823764878186864     
 -0.648185457118422     
 -0.510628329061266     
 -0.423681712981388     
 -0.349208867085499     
 -0.308940327029220     
 -0.272521843157536     
 -0.266951141949237     
 -0.240922857085834     
 -0.305204437481061     
 -0.318423116034341     
 -0.371918797626917     
 -0.384013856038590     
 -0.481063267051985     
 -0.576581309375136     
 -0.649210946336112     
 -0.735221838920281     
 -0.804259602652216     
 -0.989994004703381     
  -1.05544322567110     
  -1.15169967274407     
  -1.31650992139006     
  -1.33106864156099     
  -1.46937133972727     
  -1.68448670668466     
  -1.71924881294387     
  -1.87761130503912     
  -1.89534007199955     
  -2.12942327803292     
  -2.19637006766353     
  -2.67349132238319     
  -2.79843005899149     
  -2.57658130937514     
  -2.97452131804717     
  -2.67349132238319     
  -2.49740006332751     
  -2.97452131804717     
  -2.97452131804717     
 -Infinity              
 -Infinity              
  -2.79843005899149     
  -3.27555131371115     
 -Infinity              
 -Infinity              
 -Infinity              
  -3.27555131371115     
  -3.27555131371115     
 -Infinity              
 -Infinity              
