 z
  0.984102912722899     
  0.904948665655668     
  0.751180951384894     
  0.556354477156653     
  0.374217783123290     
  0.238918231100420     
  0.150778294897941     
  9.376143910474298E-002
  5.908243127821646E-002
  3.702347957956387E-002
  2.293050253621294E-002
  1.480764873015043E-002
  9.691645313671147E-003
  6.510484756575851E-003
  4.209590545416514E-003
  2.666945562934686E-003
  1.612369049486657E-003
  9.587059213163904E-004
  3.486203350241420E-004
  8.715508375603548E-006
