 Eiso
  2.885003750504875E-004
  8.655011251514627E-004
  1.442501875252438E-003
  2.596503375454388E-003
  4.904506375858289E-003
  1.644452137787779E-002
  3.404304425595753E-002
  7.327909526282385E-002
  0.115400150020195     
  0.221279787663724     
  0.344180947435232     
  0.444579077952801     
  0.552478218221684     
  0.508914661589060     
  0.421499047948762     
  0.289942876925740     
  0.166464716404131     
  8.568461138999481E-002
  3.692804800646241E-002
  1.211701575212048E-002
