 pea
  0.770661922763324     
  0.580683418575347     
  0.432288192128085     
  0.313097620635980     
  0.218886665184197     
  0.149358831813802     
  9.902898228448595E-002
  6.574753539396634E-002
  4.158327774071603E-002
  2.586909791712994E-002
  1.556593284411830E-002
  8.672448298865910E-003
  4.966273812171077E-003
  2.742569120154177E-003
  1.630716774145727E-003
  1.260099325476243E-003
  7.412348973389667E-004
  3.706174486694834E-004
  1.482469794677933E-004
  7.412348973389667E-005
  7.412348973389667E-005
  7.412348973389667E-005
  7.412348973389667E-005
  7.412348973389667E-005
  7.412348973389667E-005
  7.412348973389667E-005
  7.412348973389667E-005
  7.412348973389667E-005
  7.412348973389667E-005
  7.412348973389667E-005
  7.412348973389667E-005
  7.412348973389667E-005
  7.412348973389667E-005
  7.412348973389667E-005
  7.412348973389667E-005
  7.412348973389667E-005
  7.412348973389667E-005
  7.412348973389667E-005
  7.412348973389667E-005
  7.412348973389667E-005
  7.412348973389667E-005
  7.412348973389667E-005
  7.412348973389667E-005
  7.412348973389667E-005
  7.412348973389667E-005
  7.412348973389667E-005
  7.412348973389667E-005
  7.412348973389667E-005
  7.412348973389667E-005
  7.412348973389667E-005
