 index
  -7.66506593754093     
  -7.46625470643788     
  -7.26744347533483     
  -7.06863224423178     
  -6.86982101312874     
  -6.67100978202569     
  -6.47219855092264     
  -6.27338731981959     
  -6.07457608871655     
  -5.87576485761350     
  -5.67695362651045     
  -5.47814239540740     
  -5.27933116430435     
  -5.08051993320131     
  -4.88170870209826     
  -4.68289747099521     
  -4.48408623989216     
  -4.28527500878912     
  -4.08646377768607     
  -3.88765254658302     
  -3.68884131547997     
  -3.49003008437692     
  -3.29121885327388     
  -3.09240762217083     
  -2.89359639106778     
  -2.69478515996473     
  -2.49597392886169     
  -2.29716269775864     
  -2.09835146665559     
  -1.89954023555254     
  -1.70072900444949     
  -1.50191777334645     
  -1.30310654224340     
  -1.10429531114035     
 -0.905484080037303     
 -0.706672848934256     
 -0.507861617831208     
 -0.309050386728160     
 -0.110239155625112     
  8.857207547793600E-002
  0.287383306580984     
  0.486194537684031     
  0.685005768787080     
  0.883816999890127     
   1.08262823099317     
   1.28143946209622     
   1.48025069319927     
   1.67906192430232     
   1.87787315540537     
   2.07668438650841     
