 index
  0.250975000046310     
  0.750925000043935     
   1.25087500004156     
   1.75082500003919     
   2.25077500003681     
   2.75072500003444     
   3.25067500003206     
   3.75062500002969     
   4.25057500002731     
   4.75052500002494     
   5.25047500002256     
   5.75042500002019     
   6.25037500001781     
   6.75032500001544     
   7.25027500001306     
   7.75022500001069     
   8.25017500000831     
   8.75012500000594     
   9.25007500000356     
   9.75002500000119     
