 index
  7.989999977871776E-002
  0.219699999783188     
  0.359499999787658     
  0.499299999792129     
  0.639099999796599     
  0.778899999801069     
  0.918699999805540     
   1.05849999981001     
   1.19829999981448     
   1.33809999981895     
   1.47789999982342     
   1.61769999982789     
   1.75749999983236     
   1.89729999983683     
   2.03709999984130     
   2.17689999984577     
   2.31669999985024     
   2.45649999985471     
   2.59629999985918     
   2.73609999986365     
   2.87589999986812     
   3.01569999987260     
   3.15549999987707     
   3.29529999988154     
   3.43509999988601     
   3.57489999989048     
   3.71469999989495     
   3.85449999989942     
   3.99429999990389     
   4.13409999990836     
   4.27389999991283     
   4.41369999991730     
   4.55349999992177     
   4.69329999992624     
   4.83309999993071     
   4.97289999993518     
   5.11269999993965     
   5.25249999994412     
   5.39229999994859     
   5.53209999995306     
   5.67189999995753     
   5.81169999996200     
   5.95149999996647     
   6.09129999997094     
   6.23109999997541     
   6.37089999997988     
   6.51069999998435     
   6.65049999998882     
   6.79029999999329     
   6.93009999999776     
