## GRBname 	 Trig_ID 	 15_150kev(PL) 	 Exposure_time 	bestmodel	 15_150kev(CPL) 	 15_150kev
GRB190829A	922968	6.37E-06	59.14	 PL	0	0.00000637
GRB190828B	922808	4.47E-06	940.7	 PL	0	0.00000447
GRB190824A	922107	8.36E-06	186.5	 PL	0	0.00000836
GRB190821A	921722	2.36E-06	62.8	 PL	0	0.00000236
GRB190816A	920783	9.76E-06	548	 PL	0	0.00000976
GRB190727B	916733	1.80E-05	60.44	 PL	0	0.000018
GRB190719C	915381	5.09E-06	202.4	 PL	0	0.00000509
GRB190706B	913302	6.51E-07	51.58	 PL	0	0.000000651
GRB190701A	912310	8.64E-07	54.98	 PL	0	0.000000864
GRB190630C	912239	2.29E-06	52.15	 PL	0	0.00000229
GRB190630B	912102	2.77E-07	6.388	 PL	0	0.000000277
GRB190627A	911609	1.18E-07	2.956	 PL	0	0.000000118
GRB190613A	908288	1.71E-06	19.7	 PL	0	0.00000171
GRB190611A	907950	4.57E-07	64.7	 PL	0	0.000000457
GRB190610A	907754	4.35E-07	0.74	 PL	0	0.000000435
GRB190604B	906654	1.71E-05	277.8	 PL	0	0.0000171
GRB190515B	903845	1.48E-06	57.34	 PL	0	0.00000148
GRB190512A	903357	1.28E-06	53	 PL	0	0.00000128
GRB190511A	903158	7.39E-06	31.15	 PL	0	0.00000739
GRB190427A	900730	1.21E-07	0.32	 PL	0	0.000000121
GRB190424A	900285	1.21E-06	15.68	 PL	0	0.00000121
GRB190422A	899979	6.13E-06	353.1	 PL	0	0.00000613
GRB190331A	895813	4.47E-07	4.56	 PL	0	0.000000447
GRB190324A	894718	7.04E-06	58.02	 PL	0	0.00000704
GRB190320A	893808	2.68E-06	70	 PL	0	0.00000268
GRB190311A	892607	9.32E-07	24.13	 PL	0	0.000000932
GRB190219A	889748	3.80E-06	194.2	 PL	0	0.0000038
GRB190211A	888648	5.79E-07	11.42	 PL	0	0.000000579
GRB190204A	887579	1.25E-05	60.65	 PL	0	0.0000125
GRB190203A	887512	1.56E-05	286.4	 PL	0	0.0000156
GRB190202A	887217	6.48E-06	28.22	 PL	0	0.00000648
GRB190123A	885314	8.26E-07	28.05	 PL	0	0.000000826
GRB190114B	883818	5.12E-07	29.06	 PL	0	0.000000512
GRB190114A	883600	8.03E-07	73.18	 PL	0	0.000000803
GRB190110A	883012	2.47E-06	11.79	 PL	0	0.00000247
GRB190109B	882809	4.77E-07	7.568	 PL	0	0.000000477
GRB190109A	882747	0.00E+00	200.8	 CPL	5.45E-06	5.45273E-06
GRB190106A	882252	5.86E-06	96.74	 PL	0	0.00000586
GRB190103B	881709	0.00E+00	26.61	 CPL	1.19E-05	1.19145E-05
GRB181228A	879909	1.04E-05	341.9	 PL	0	0.0000104
GRB181224A	878911	4.94E-07	15.34	 PL	0	0.000000494
GRB181213A	876016	1.44E-06	16.35	 PL	0	0.00000144
GRB181203A	874475	7.71E-07	17.65	 PL	0	0.000000771
GRB181202A	874334	2.48E-07	7.012	 PL	0	0.000000248
GRB181126A	873539	0.00E+00	2.232	 CPL	3.06E-07	3.05903E-07
GRB181110A	871316	9.82E-06	239.1	 PL	0	0.00000982
GRB181103A	870201	2.85E-07	11.18	 PL	0	0.000000285
GRB181030A	869494	6.12E-06	439.8	 PL	0	0.00000612
GRB181027A	868984	2.83E-06	103.9	 PL	0	0.00000283
GRB181022A	868312	1.88E-07	9.608	 PL	0	0.000000188
GRB181020A	867987	8.08E-06	272.7	 PL	0	0.00000808
GRB181016A	867252	1.88E-06	128.2	 PL	0	0.00000188
GRB181010A	866434	6.93E-07	19.26	 PL	0	0.000000693
GRB181003A	865179	4.94E-07	29.2	 PL	0	0.000000494
GRB181002A	865036	8.85E-07	72	 PL	0	0.000000885
GRB180930A	864584	2.03E-07	7.448	 PL	0	0.000000203
GRB180925A	863421	4.02E-06	108.5	 PL	0	0.00000402
GRB180924A	863186	1.36E-06	111	 PL	0	0.00000136
GRB180905A	859421	4.18E-06	205.6	 PL	0	0.00000418
GRB180904A	859282	2.36E-07	6.276	 PL	0	0.000000236
GRB180828A	856977	8.79E-06	36	 PL	0	0.00000879
GRB180823A	855434	7.82E-06	109.6	 PL	0	0.00000782
GRB180821A	854578	1.46E-06	64	 PL	0	0.00000146
GRB180818B	853882	2.31E-06	156.3	 PL	0	0.00000231
GRB180818A	853824	2.58E-07	16.24	 PL	0	0.000000258
GRB180812A	852903	8.06E-07	17.47	 PL	0	0.000000806
GRB180809B	852553	7.24E-05	338.4	 PL	0	0.0000724
GRB180805B	851855	8.63E-07	126.6	 PL	0	0.000000863
GRB180805A	851829	1.13E-07	1.864	 PL	0	0.000000113
GRB180728A	850471	3.01E-05	36.76	 PL	0	0.0000301
GRB180727A	850231	0.00E+00	1.384	 CPL	2.74E-07	2.74376E-07
GRB180721A	849018	5.94E-07	49.31	 PL	0	0.000000594
GRB180720C	848932	2.28E-06	164	 PL	0	0.00000228
GRB180720B	848890	8.44E-05	531.5	 PL	0	0.0000844
GRB180715A	848048	1.26E-07	0.776	 PL	0	0.000000126
GRB180709A	846868	1.36E-06	223.1	 PL	0	0.00000136
GRB180706A	846395	2.39E-06	67.09	 PL	0	0.00000239
GRB180705A	846299	2.04E-06	132.8	 PL	0	0.00000204
GRB180630A	845443	1.75E-06	30.38	 PL	0	0.00000175
GRB180626A	844615	4.87E-06	35.6	 PL	0	0.00000487
GRB180624A	844192	5.52E-06	549.2	 PL	0	0.00000552
GRB180623A	844015	1.14E-05	175.9	 PL	0	0.0000114
GRB180620B	843211	0.00E+00	321.8	 CPL	9.97E-06	9.9691E-06
GRB180614A	841548	2.10E-07	7.8	 PL	0	0.00000021
GRB180602A	835200	1.73E-06	69.62	 PL	0	0.00000173
GRB180514A	832368	9.01E-07	36.96	 PL	0	0.000000901
GRB180512A	832119	4.24E-07	26	 PL	0	0.000000424
GRB180510B	831816	2.12E-06	157	 PL	0	0.00000212
GRB180510A	831810	0.00E+00	80	 CPL	6.19E-06	6.18842E-06
GRB180504A	830822	2.35E-06	178	 PL	0	0.00000235
GRB180425A	828672	1.18E-06	13.7	 PL	0	0.00000118
GRB180418A	826428	0.00E+00	7.072	 CPL	3.13E-07	3.12912E-07
GRB180411A	824451	1.22E-05	107.7	 PL	0	0.0000122
GRB180410A	824063	2.39E-06	134	 PL	0	0.00000239
GRB180407A	823001	1.44E-06	127.7	 PL	0	0.00000144
GRB180404B	821902	1.18E-05	202.2	 PL	0	0.0000118
GRB180404A	821881	1.27E-06	46.63	 PL	0	0.00000127
GRB180331B	820513	1.65E-06	83.81	 PL	0	0.00000165
GRB180331A	820347	6.86E-07	48	 PL	0	0.000000686
GRB180329B	819490	0.00E+00	267.1	 CPL	3.21E-06	3.21206E-06
GRB180329A	819301	3.21E-07	40	 PL	0	0.000000321
GRB180325A	817564	6.39E-06	107.9	 PL	0	0.00000639
GRB180324A	817345	5.64E-07	9.02	 PL	0	0.000000564
GRB180316A	814677	4.92E-06	117	 PL	0	0.00000492
GRB180314B	814305	8.33E-07	63.06	 PL	0	0.000000833
GRB180314A	814129	0.00E+00	121.6	 CPL	1.06E-05	1.06046E-05
GRB180311A	813721	3.33E-07	26.82	 PL	0	0.000000333
GRB180224A	811561	4.67E-07	15.04	 PL	0	0.000000467
GRB180222A	811235	9.05E-07	55.81	 PL	0	0.000000905
GRB180221A	811074	5.70E-07	13	 PL	0	0.00000057
GRB180205A	808625	1.02E-06	17.91	 PL	0	0.00000102
GRB180115A	805318	7.56E-07	43.76	 PL	0	0.000000756
GRB180111A	804692	1.00E-05	69.88	 PL	0	0.00001
GRB180103A	803066	2.19E-06	10.02	 PL	0	0.00000219
GRB180102A	802999	3.48E-07	13.92	 PL	0	0.000000348
GRB171222A	799669	1.88E-06	202.1	 PL	0	0.00000188
GRB171212A	796778	3.34E-06	400	 PL	0	0.00000334
GRB171211A	796469	2.41E-07	2.608	 PL	0	0.000000241
GRB171209A	796100	7.27E-06	299.2	 PL	0	0.00000727
GRB171205A	794972	3.53E-06	240	 PL	0	0.00000353
GRB171123A	791922	4.76E-07	61.68	 PL	0	0.000000476
GRB171120A	791201	0.00E+00	80	 CPL	8.11E-06	8.10737E-06
GRB171115A	790053	6.69E-07	39.71	 PL	0	0.000000669
GRB171103A	785850	3.77E-07	5.04	 PL	0	0.000000377
GRB171102B	785510	9.41E-07	20.78	 PL	0	0.000000941
GRB171027A	783479	7.75E-06	131.1	 PL	0	0.00000775
GRB171027A	783479	7.75E-06	131.1	 PL	0	0.00000775
GRB171020A	780845	1.16E-06	47.62	 PL	0	0.00000116
GRB171020A	780845	1.16E-06	47.62	 PL	0	0.00000116
GRB171011A	778154	1.06E-06	2.804	 PL	0	0.00000106
GRB171010B	778019	3.92E-07	10.09	 PL	0	0.000000392
GRB171004A	776347	2.92E-06	126.4	 PL	0	0.00000292
GRB171001A	775553	5.71E-07	22.17	 PL	0	0.000000571
GRB170921A	773509	6.67E-07	34.82	 PL	0	0.000000667
GRB170912B	772052	2.40E-06	40.32	 PL	0	0.0000024
GRB170912A	772006	1.11E-06	27.52	 PL	0	0.00000111
GRB170906C	770981	0.00E+00	76.54	 CPL	8.79E-06	8.78898E-06
GRB170906A	770957	3.31E-05	167.6	 PL	0	0.0000331
GRB170827A	769567	1.60E-06	159.7	 PL	0	0.0000016
GRB170823A	769177	2.58E-06	87.66	 PL	0	0.00000258
GRB170822A	768939	6.41E-06	80	 PL	0	0.00000641
GRB170813A	767563	1.90E-06	86.25	 PL	0	0.0000019
GRB170810A	767284	4.71E-06	182.1	 PL	0	0.00000471
GRB170807A	766821	8.43E-07	52.67	 PL	0	0.000000843
GRB170804A	766194	1.32E-06	76.95	 PL	0	0.00000132
GRB170803A	766081	0.00E+00	4.836	 CPL	1.03E-06	1.02867E-06
GRB170728B	765130	1.65E-06	50.62	 PL	0	0.00000165
GRB170728A	765008	8.27E-08	1.416	 PL	0	8.27E-08
GRB170724A	764204	1.08E-06	109.2	 PL	0	0.00000108
GRB170714A	762535	2.87E-06	538.6	 PL	0	0.00000287
GRB170711A	761622	1.40E-06	46.99	 PL	0	0.0000014
GRB170710B	86619001	2.38E-06	59.2	 PL	0	0.00000238
GRB170710A	761119	7.65E-07	36.62	 PL	0	0.000000765
GRB170705A	760064	9.22E-06	310	 PL	0	0.00000922
GRB170629A	759159	2.61E-06	40.53	 PL	0	0.00000261
GRB170626A	758766	0.00E+00	39.27	 CPL	8.19E-06	8.18881E-06
GRB170607A	756284	7.63E-06	352	 PL	0	0.00000763
GRB170604A	755867	5.09E-06	30.5	 PL	0	0.00000509
GRB170531B	755354	1.92E-06	181.3	 PL	0	0.00000192
GRB170531A	755343	7.51E-07	39.04	 PL	0	0.000000751
GRB170526A	754549	1.82E-07	8.788	 PL	0	0.000000182
GRB170524A	754322	3.75E-08	0.12	 PL	0	3.75E-08
GRB170519A	753445	1.12E-06	231.5	 PL	0	0.00000112
GRB170516A	753110	9.55E-07	51.07	 PL	0	0.000000955
GRB170419B	748947	1.93E-06	86.95	 PL	0	0.00000193
GRB170419A	748898	2.99E-07	8.96	 PL	0	0.000000299
GRB170405A	745797	3.88E-06	185.8	 PL	0	0.00000388
GRB170331A	744791	1.07E-06	19.94	 PL	0	0.00000107
GRB170330A	744773	5.51E-06	151.8	 PL	0	0.00000551
GRB170325A	34941009	8.58E-08	0.392	 PL	0	8.58E-08
GRB170318B	743086	1.33E-07	1.144	 PL	0	0.000000133
GRB170311A	741965	3.05E-07	10	 PL	0	0.000000305
GRB170307A	741528	1.32E-06	69.89	 PL	0	0.00000132
GRB170306A	741220	8.58E-07	26.32	 PL	0	0.000000858
GRB170208B	737463	0.00E+00	177.5	 CPL	6.11E-06	6.10996E-06
GRB170205A	736843	3.78E-06	47.82	 PL	0	0.00000378
GRB170203A	736432	6.18E-07	49.02	 PL	0	0.000000618
GRB170202A	736407	3.34E-06	76.21	 PL	0	0.00000334
GRB170127B	735331	1.04E-07	0.592	 PL	0	0.000000104
GRB170127A	735326	5.32E-07	73.76	 PL	0	0.000000532
GRB170126A	735188	2.95E-06	11.65	 PL	0	0.00000295
GRB170115A	733103	4.69E-07	49.55	 PL	0	0.000000469
GRB170113A	732526	0.00E+00	23.54	 CPL	6.63E-07	6.63463E-07
GRB170111A	731887	8.16E-07	38.91	 PL	0	0.000000816
GRB170101A	729293	6.28E-06	10.14	 PL	0	0.00000628
GRB161224A	728268	9.72E-07	52.72	 PL	0	0.000000972
GRB161219B	727541	1.54E-06	8.912	 PL	0	0.00000154
GRB161218A	727288	0.00E+00	15.9	 CPL	6.98E-06	6.9834E-06
GRB161217A	727167	1.98E-07	15.88	 PL	0	0.000000198
GRB161214B	726885	2.05E-06	31.25	 PL	0	0.00000205
GRB161202A	725036	8.68E-06	129.2	 PL	0	0.00000868
GRB161129A	724438	3.59E-06	44.53	 PL	0	0.00000359
GRB161117B	722642	0.00E+00	163.9	 CPL	5.64E-06	5.6387E-06
GRB161117A	722604	0.00E+00	160.4	 CPL	2.02E-05	2.02174E-05
GRB161113A	722063	1.54E-06	58.72	 PL	0	0.00000154
GRB161108A	721234	1.10E-06	128.7	 PL	0	0.0000011
GRB161105A	720697	6.16E-06	248.1	 PL	0	0.00000616
GRB161104A	720568	4.25E-08	0.116	 PL	0	4.25E-08
GRB161022A	718655	7.41E-07	7.68	 PL	0	0.000000741
GRB161017A	718023	5.37E-06	246.7	 PL	0	0.00000537
GRB161014A	717500	2.21E-06	27	 PL	0	0.00000221
GRB161011A	716876	2.30E-07	4.868	 PL	0	0.00000023
GRB161007A	716127	1.32E-06	243	 PL	0	0.00000132
GRB161004B	715246	0.00E+00	32.47	 CPL	8.76E-06	8.76037E-06
GRB161001A	714404	6.89E-07	3.32	 PL	0	0.000000689
GRB160927A	713782	1.40E-07	0.56	 PL	0	0.00000014
GRB160917A	712505	1.22E-06	15.61	 PL	0	0.00000122
GRB160912A	711914	3.66E-06	244.2	 PL	0	0.00000366
GRB160905A	711084	1.55E-05	112	 PL	0	0.0000155
GRB160827A	710050	3.90E-07	19.84	 PL	0	0.00000039
GRB160824A	709765	2.52E-06	112.2	 PL	0	0.00000252
GRB160821A	709351	7.21E-06	117.8	 PL	0	0.00000721
GRB160819A	86022006	7.75E-06	47	 PL	0	0.00000775
GRB160815A	708598	0.00E+00	11.6	 CPL	1.39E-06	1.3935E-06
GRB160804A	707231	0.00E+00	222	 CPL	1.09E-05	1.09266E-05
GRB160801A	706871	1.74E-07	3.172	 PL	0	0.000000174
GRB160726A	706052	2.72E-07	0.784	 PL	0	0.000000272
GRB160716A	704572	1.82E-07	7.16	 PL	0	0.000000182
GRB160714A	704310	6.87E-08	0.372	 PL	0	6.87E-08
GRB160712A	704155	2.61E-06	54.06	 PL	0	0.00000261
GRB160709A	703769	4.55E-07	4.8	 PL	0	0.000000455
GRB160705B	703176	7.26E-07	69.62	 PL	0	0.000000726
GRB160703A	702699	8.97E-06	79.73	 PL	0	0.00000897
GRB160630A	702252	1.26E-06	36.3	 PL	0	0.00000126
GRB160625A	701503	3.31E-06	62.45	 PL	0	0.00000331
GRB160624A	701288	4.29E-08	0.256	 PL	0	4.29E-08
GRB160611A	690598	1.78E-06	44.9	 PL	0	0.00000178
GRB160607A	689597	2.08E-05	58.63	 PL	0	0.0000208
GRB160601A	688452	6.47E-08	0.144	 PL	0	6.47E-08
GRB160525B	687522	3.14E-08	0.316	 PL	0	3.14E-08
GRB160519A	686818	1.17E-06	42.14	 PL	0	0.00000117
GRB160506A	685245	1.53E-06	345.1	 PL	0	0.00000153
GRB160504A	685124	7.76E-07	58.59	 PL	0	0.000000776
GRB160501A	684679	6.12E-07	64	 PL	0	0.000000612
GRB160425A	684098	2.01E-06	320.3	 PL	0	0.00000201
GRB160424A	683906	1.25E-06	8.16	 PL	0	0.00000125
GRB160419A	683383	0.00E+00	13.82	 CPL	3.68E-06	3.67636E-06
GRB160417A	683076	5.96E-07	16.02	 PL	0	0.000000596
GRB160412A	682522	1.94E-06	44.48	 PL	0	0.00000194
GRB160411A	682339	7.82E-08	0.392	 PL	0	7.82E-08
GRB160410A	682269	1.15E-06	128	 PL	0	0.00000115
GRB160327A	680655	1.36E-06	49.22	 PL	0	0.00000136
GRB160325A	680436	7.10E-06	111.1	 PL	0	0.0000071
GRB160321A	680017	5.37E-07	39.98	 PL	0	0.000000537
GRB160314A	679120	2.75E-07	9.348	 PL	0	0.000000275
GRB160303A	677495	1.48E-07	5.408	 PL	0	0.000000148
GRB160228A	676595	1.93E-06	119.6	 PL	0	0.00000193
GRB160227A	676423	0.00E+00	336.4	 CPL	3.12E-06	3.12245E-06
GRB160225A	675998	1.58E-06	164.4	 PL	0	0.00000158
GRB160223A	675361	5.25E-06	188	 PL	0	0.00000525
GRB160220B	674734	0.00E+00	45.06	 CPL	6.96E-06	6.95523E-06
GRB160220A	674670	5.13E-07	9.088	 PL	0	0.000000513
GRB160216A	673978	2.06E-06	12	 PL	0	0.00000206
GRB160203A	672525	9.93E-07	19.7	 PL	0	0.000000993
GRB160131A	672236	2.01E-05	774.5	 PL	0	0.0000201
GRB160127A	671828	3.64E-07	7.14	 PL	0	0.000000364
GRB160123A	671447	3.51E-07	5.048	 PL	0	0.000000351
GRB160121A	671231	6.13E-07	15	 PL	0	0.000000613
GRB160119A	671014	6.90E-06	167.6	 PL	0	0.0000069
GRB160117B	670800	3.38E-07	14.45	 PL	0	0.000000338
GRB160117A	670793	3.18E-06	173	 PL	0	0.00000318
GRB160104A	669319	4.06E-07	18.96	 PL	0	0.000000406
GRB151229A	668689	5.85E-07	2.456	 PL	0	0.000000585
GRB151228B	668641	0.00E+00	64	 CPL	2.32E-06	2.32327E-06
GRB151228A	668543	0.00E+00	0.312	 CPL	7.66E-08	7.65728E-08
GRB151215A	667392	3.08E-07	18.59	 PL	0	0.000000308
GRB151210A	666931	1.48E-06	110	 PL	0	0.00000148
GRB151205B	666378	8.02E-08	1.536	 PL	0	8.02E-08
GRB151205A	666352	1.44E-06	80	 PL	0	0.00000144
GRB151127A	665268	2.33E-08	0.204	 PL	0	2.33E-08
GRB151122A	664653	4.55E-07	10.05	 PL	0	0.000000455
GRB151118A	664078	4.72E-07	30.8	 PL	0	0.000000472
GRB151031A	662330	3.37E-07	6	 PL	0	0.000000337
GRB151027B	661869	1.47E-06	96	 PL	0	0.00000147
GRB151027A	661775	7.29E-06	164.1	 PL	0	0.00000729
GRB151023A	661253	2.66E-07	13.15	 PL	0	0.000000266
GRB151022A	661036	1.19E-06	133.9	 PL	0	0.00000119
GRB151021A	660671	2.74E-05	149	 PL	0	0.0000274
GRB151006A	657750	7.22E-06	316.1	 PL	0	0.00000722
GRB151004A	657564	1.01E-06	148	 PL	0	0.00000101
GRB151001B	657321	1.58E-06	158.6	 PL	0	0.00000158
GRB151001A	657286	6.94E-07	14.06	 PL	0	0.000000694
GRB150925A	656604	1.37E-06	146.1	 PL	0	0.00000137
GRB150915A	655721	7.38E-07	176	 PL	0	0.000000738
GRB150911A	655262	0.00E+00	10.65	 CPL	2.07E-06	2.06595E-06
GRB150910A	655097	4.77E-06	151.3	 PL	0	0.00000477
GRB150907B	654803	1.24E-06	66	 PL	0	0.00000124
GRB150901A	654042	4.55E-07	80	 PL	0	0.000000455
GRB150831B	653978	1.38E-06	7.424	 PL	0	0.00000138
GRB150831A	653838	3.62E-07	1.052	 PL	0	0.000000362
GRB150821A	652847	8.44E-07	156.5	 PL	0	0.000000844
GRB150819A	652643	4.70E-07	59.44	 PL	0	0.00000047
GRB150818A	652603	4.26E-06	201.3	 PL	0	0.00000426
GRB150817A	652334	5.94E-06	75.5	 PL	0	0.00000594
GRB150811A	651882	4.82E-07	37.68	 PL	0	0.000000482
GRB150801B	650977	2.95E-06	464.1	 PL	0	0.00000295
GRB150728A	650617	3.26E-08	0.96	 PL	0	3.26E-08
GRB150724A	650141	2.13E-06	326.5	 PL	0	0.00000213
GRB150722A	649916	5.95E-07	72.08	 PL	0	0.000000595
GRB150720A	649706	7.75E-07	305.5	 PL	0	0.000000775
GRB150716A	649157	1.48E-06	51.34	 PL	0	0.00000148
GRB150710A	648437	7.09E-08	0.208	 PL	0	7.09E-08
GRB150626B	646786	1.04E-06	48	 PL	0	0.00000104
GRB150626A	646603	1.37E-06	121.7	 PL	0	0.00000137
GRB150616A	644259	1.96E-05	753.9	 PL	0	0.0000196
GRB150615A	643833	6.06E-07	39.34	 PL	0	0.000000606
GRB150607A	642620	0.00E+00	28.13	 CPL	2.30E-06	2.29721E-06
GRB150530B	84922008	1.73E-07	3	 PL	0	0.000000173
GRB150530A	642018	1.77E-06	8.064	 PL	0	0.00000177
GRB150527A	641698	3.21E-06	124	 PL	0	0.00000321
GRB150513A	640584	5.64E-06	183.7	 PL	0	0.00000564
GRB150430A	639433	6.73E-06	119.6	 PL	0	0.00000673
GRB150428B	639278	0.00E+00	161.8	 CPL	3.57E-06	3.57033E-06
GRB150428A	639275	6.32E-06	77.58	 PL	0	0.00000632
GRB150413A	637899	4.27E-06	281	 PL	0	0.00000427
GRB150403A	637044	1.71E-05	228.5	 PL	0	0.0000171
GRB150402A	636865000	1.45E-07	8.07	 PL	0	0.000000145
GRB150323C	636005	1.33E-06	189.8	 PL	0	0.00000133
GRB150323B	635929	3.03E-06	10.11	 PL	0	0.00000303
GRB150323A	635887	5.60E-06	192.9	 PL	0	0.0000056
GRB150318A	635289	2.45E-06	119.5	 PL	0	0.00000245
GRB150317A	635148	6.48E-07	24.43	 PL	0	0.000000648
GRB150314A	634795	2.25E-05	103.6	 PL	0	0.0000225
GRB150309A	634200	0.00E+00	316.4	 CPL	1.74E-05	1.73935E-05
GRB150302A	633237	2.57E-07	29.38	 PL	0	0.000000257
GRB150301A	632995	7.36E-08	0.56	 PL	0	7.36E-08
GRB150222A	632180	2.17E-06	28.05	 PL	0	0.00000217
GRB150213B	631051	3.21E-06	287	 PL	0	0.00000321
GRB150212A	630876	9.00E-07	19.78	 PL	0	0.0000009
GRB150206A	630019	1.48E-05	411.9	 PL	0	0.0000148
GRB150204A	84702002	8.79E-07	19	 PL	0	0.000000879
GRB150203A	629578	9.36E-07	29.53	 PL	0	0.000000936
GRB150202A	629547	6.24E-07	28.29	 PL	0	0.000000624
GRB150201A	629302	7.78E-07	30.03	 PL	0	0.000000778
GRB150120B	627170	5.34E-07	28.18	 PL	0	0.000000534
GRB150120A	627137	1.44E-07	1.356	 PL	0	0.000000144
GRB150110B	624606	4.92E-07	11.71	 PL	0	0.000000492
GRB150103A	623368	9.53E-07	58.62	 PL	0	0.000000953
GRB141225A	622476	2.81E-06	124.9	 PL	0	0.00000281
GRB141220A	621915	0.00E+00	8.204	 CPL	2.56E-06	2.55803E-06
GRB141212B	621234	1.19E-06	12.2	 PL	0	0.00000119
GRB141212A	621229	7.25E-08	0.336	 PL	0	7.25E-08
GRB141130A	620090	2.77E-06	82.76	 PL	0	0.00000277
GRB141121A	619182	4.32E-06	552.7	 PL	0	0.00000432
GRB141109B	618032	8.23E-07	227.2	 PL	0	0.000000823
GRB141109A	618024	6.66E-06	322.6	 PL	0	0.00000666
GRB141031B	617149	2.48E-07	17.26	 PL	0	0.000000248
GRB141031A	617110	3.45E-06	910.7	 PL	0	0.00000345
GRB141026A	616502	1.29E-06	166.9	 PL	0	0.00000129
GRB141020A	615873	4.63E-07	18.84	 PL	0	0.000000463
GRB141017A	615672	0.00E+00	66.8	 CPL	2.98E-06	2.97589E-06
GRB141015A	615399	1.59E-07	13	 PL	0	0.000000159
GRB141005A	614415	1.09E-06	4.176	 PL	0	0.00000109
GRB141004A	614390	6.68E-07	6.188	 PL	0	0.000000668
GRB140927A	613775	2.68E-07	8.268	 PL	0	0.000000268
GRB140919A	613160	6.19E-06	173.1	 PL	0	0.00000619
GRB140916A	612804	1.50E-06	79.97	 PL	0	0.0000015
GRB140907A	611933	4.51E-06	144	 PL	0	0.00000451
GRB140901B	611389	5.31E-07	4.8	 PL	0	0.000000531
GRB140828A	610953	0.00E+00	25.02	 CPL	1.37E-06	1.36889E-06
GRB140824A	610501	1.83E-07	3.376	 PL	0	0.000000183
GRB140818B	609885	6.50E-07	35.26	 PL	0	0.00000065
GRB140817A	609736	4.50E-06	318.9	 PL	0	0.0000045
GRB140730A	607742	3.01E-07	44.54	 PL	0	0.000000301
GRB140719B	605700	1.28E-06	65	 PL	0	0.00000128
GRB140710A	603954	2.29E-07	4	 PL	0	0.000000229
GRB140709B	603866	4.33E-06	219.2	 PL	0	0.00000433
GRB140709A	603810	0.00E+00	131.7	 CPL	5.42E-06	5.42245E-06
GRB140706A	603587	1.95E-06	58.74	 PL	0	0.00000195
GRB140703A	603243	3.88E-06	137.5	 PL	0	0.00000388
GRB140629A	602884	2.29E-06	54.85	 PL	0	0.00000229
GRB140628A	602803	1.33E-06	12.36	 PL	0	0.00000133
GRB140626A	602604	3.96E-07	17.54	 PL	0	0.000000396
GRB140622A	602278	1.32E-08	0.152	 PL	0	1.32E-08
GRB140619A	602080	2.12E-05	303.7	 PL	0	0.0000212
GRB140614B	601662	5.84E-07	58.96	 PL	0	0.000000584
GRB140614A	601646	1.03E-06	96.82	 PL	0	0.00000103
GRB140610A	601259	5.92E-06	112.4	 PL	0	0.00000592
GRB140606A	600951	5.12E-08	0.392	 PL	0	5.12E-08
GRB140529A	91901003	2.26E-06	13.09	 PL	0	0.00000226
GRB140521A	599546	9.38E-07	11.3	 PL	0	0.000000938
GRB140518A	599287	0.00E+00	64.02	 CPL	1.06E-06	1.06394E-06
GRB140516A	599188	3.01E-08	0.32	 PL	0	3.01E-08
GRB140515A	599037	0.00E+00	25.79	 CPL	6.19E-07	6.19058E-07
GRB140512A	598819	1.30E-05	201	 PL	0	0.000013
GRB140506A	598284	2.66E-06	120.4	 PL	0	0.00000266
GRB140502A	597841	6.75E-07	19.06	 PL	0	0.000000675
GRB140430A	597722	1.13E-06	177.9	 PL	0	0.00000113
GRB140428A	597519	3.40E-07	20.02	 PL	0	0.00000034
GRB140423A	596901	9.37E-06	239	 PL	0	0.00000937
GRB140419A	596426	1.57E-05	134	 PL	0	0.0000157
GRB140414A	84568002	1.24E-07	0.532	 PL	0	0.000000124
GRB140413A	595616	1.14E-05	164.1	 PL	0	0.0000114
GRB140412A	595608	7.09E-07	48	 PL	0	0.000000709
GRB140408A	595141	3.26E-07	4.128	 PL	0	0.000000326
GRB140402A	594308	5.45E-08	1.408	 PL	0	5.45E-08
GRB140331A	594081	7.13E-07	249.1	 PL	0	0.000000713
GRB140323A	592916	1.57E-05	135.7	 PL	0	0.0000157
GRB140320A	592544	5.24E-08	0.64	 PL	0	5.24E-08
GRB140318A	592204	2.85E-07	9.432	 PL	0	0.000000285
GRB140311B	591392	2.21E-07	3.065	 PL	0	0.000000221
GRB140311A	591390	2.10E-06	76.67	 PL	0	0.0000021
GRB140304A	590206	0.00E+00	17.31	 CPL	1.10E-06	1.09574E-06
GRB140302A	589685	2.75E-06	116.2	 PL	0	0.00000275
GRB140301A	589590	4.55E-07	40.8	 PL	0	0.000000455
GRB140215A	586680	7.24E-06	37.33	 PL	0	0.00000724
GRB140213A	586569	1.20E-05	87.74	 PL	0	0.000012
GRB140211A	586289	1.88E-06	141	 PL	0	0.00000188
GRB140209A	586071	4.15E-06	27.47	 PL	0	0.00000415
GRB140206A	585834	0.00E+00	294.4	 CPL	1.64E-05	1.64047E-05
GRB140129B	585149	7.08E-08	1.512	 PL	0	7.08E-08
GRB140129A	585128	1.28E-07	3	 PL	0	0.000000128
GRB140118A	584136	2.56E-06	103	 PL	0	0.00000256
GRB140114A	583861	3.20E-06	183.1	 PL	0	0.0000032
GRB140108A	583338	7.14E-06	128.2	 PL	0	0.00000714
GRB140102A	582760	7.62E-06	131.4	 PL	0	0.00000762
GRB131229A	582374	6.89E-06	96	 PL	0	0.00000689
GRB131227A	582184	8.41E-07	20.42	 PL	0	0.000000841
GRB131226A	582123	4.02E-06	8.96	 PL	0	0.00000402
GRB131224B	32923023	2.59E-07	9.616	 PL	0	0.000000259
GRB131205A	580267	1.89E-07	20.76	 PL	0	0.000000189
GRB131202A	579982	6.06E-07	37.26	 PL	0	0.000000606
GRB131128A	579683	3.17E-07	3	 PL	0	0.000000317
GRB131127A	579571	1.99E-06	111.6	 PL	0	0.00000199
GRB131120A	578227	6.09E-07	135.4	 PL	0	0.000000609
GRB131117A	577968	2.98E-07	12.42	 PL	0	0.000000298
GRB131110A	20326002	3.44E-06	84.8	 PL	0	0.00000344
GRB131103A	576562	8.12E-07	18.54	 PL	0	0.000000812
GRB131030A	576238	2.91E-05	148.9	 PL	0	0.0000291
GRB131024B	575754	1.46E-06	109.3	 PL	0	0.00000146
GRB131024A	575707	1.21E-06	128	 PL	0	0.00000121
GRB131018A	574935	1.09E-06	96.64	 PL	0	0.00000109
GRB131004A	573190	2.76E-07	2.048	 PL	0	0.000000276
GRB131002B	572742	7.87E-07	63	 PL	0	0.000000787
GRB131002A	572721	5.60E-07	59.95	 PL	0	0.00000056
GRB131001A	82217006	0.00E+00	6	 CPL	5.16E-07	5.16263E-07
GRB130929A	572308	7.08E-07	14.34	 PL	0	0.000000708
GRB130925A	571830	4.03E-05	963	 PL	0	0.0000403
GRB130919A	571271	0.00E+00	128.2	 CPL	1.36E-06	1.36229E-06
GRB130913A	570531	1.26E-07	10.02	 PL	0	0.000000126
GRB130912A	570465	1.75E-07	0.316	 PL	0	0.000000175
GRB130907A	569992	1.36E-04	839.5	 PL	0	0.000136
GRB130831B	568855	1.46E-06	44.46	 PL	0	0.00000146
GRB130831A	568849	6.50E-06	43.23	 PL	0	0.0000065
GRB130829A	568417	1.27E-06	64.04	 PL	0	0.00000127
GRB130822A	567163	1.22E-08	0.048	 PL	0	1.22E-08
GRB130816B	566561	2.87E-07	11.4	 PL	0	0.000000287
GRB130816A	566545	4.27E-07	30.64	 PL	0	0.000000427
GRB130807A	565651	2.22E-06	326	 PL	0	0.00000222
GRB130806A	565562	1.66E-07	6.264	 PL	0	0.000000166
GRB130803A	565263	1.40E-06	45.62	 PL	0	0.0000014
GRB130727A	564342	3.84E-06	25.46	 PL	0	0.00000384
GRB130725B	564028	3.75E-07	6.28	 PL	0	0.000000375
GRB130725A	563980	9.77E-07	113.2	 PL	0	0.000000977
GRB130722A	563213	1.30E-05	257	 PL	0	0.000013
GRB130716A	561974	3.29E-07	106.7	 PL	0	0.000000329
GRB130708A	560515	1.14E-06	8.448	 PL	0	0.00000114
GRB130701A	559482	0.00E+00	6.492	 CPL	4.38E-06	4.37621E-06
GRB130627B	559139	8.25E-07	64	 PL	0	0.000000825
GRB130626A	559075	6.02E-08	0.192	 PL	0	6.02E-08
GRB130625A	558982	1.86E-06	57.76	 PL	0	0.00000186
GRB130615A	558271	2.29E-06	361.3	 PL	0	0.00000229
GRB130610A	557845	2.53E-06	69.48	 PL	0	0.00000253
GRB130609B	557828	1.64E-05	317.7	 PL	0	0.0000164
GRB130609A	557782	5.74E-07	8.464	 PL	0	0.000000574
GRB130608A	557771	8.90E-07	156.9	 PL	0	0.00000089
GRB130606A	557589	2.76E-06	298.3	 PL	0	0.00000276
GRB130604A	557354	1.54E-06	96.21	 PL	0	0.00000154
GRB130603B	557310	6.27E-07	0.252	 PL	0	0.000000627
GRB130603A	557274	1.90E-06	125.8	 PL	0	0.0000019
GRB130529A	556930	1.26E-06	110.3	 PL	0	0.00000126
GRB130528A	556870	5.68E-06	720	 PL	0	0.00000568
GRB130527A	556753	1.33E-05	176	 PL	0	0.0000133
GRB130521A	556344	4.25E-07	13.28	 PL	0	0.000000425
GRB130518B	556105	5.95E-07	6.479	 PL	0	0.000000595
GRB130514A	555821	9.00E-06	280.7	 PL	0	0.000009
GRB130511A	555600	1.74E-07	2.904	 PL	0	0.000000174
GRB130508A	555413	6.14E-07	48.58	 PL	0	0.000000614
GRB130505A	555163	3.47E-06	339.7	 PL	0	0.00000347
GRB130502A	554996	4.31E-07	10.4	 PL	0	0.000000431
GRB130427B	554635	1.45E-06	30.11	 PL	0	0.00000145
GRB130427A	554620	3.73E-04	711.2	 PL	0	0.000373
GRB130420B	553996	0.00E+00	20.66	 CPL	6.57E-07	6.56509E-07
GRB130420A	553977	7.59E-06	203.1	 PL	0	0.00000759
GRB130419A	553918	8.44E-07	139.4	 PL	0	0.000000844
GRB130418A	553847	1.77E-06	313.1	 PL	0	0.00000177
GRB130408A	553132	1.67E-06	4.656	 PL	0	0.00000167
GRB130327A	552063	2.27E-07	8.04	 PL	0	0.000000227
GRB130315A	551126	4.53E-06	266.4	 PL	0	0.00000453
GRB130313A	550906	2.95E-08	0.204	 PL	0	2.95E-08
GRB130306A	550457	2.97E-05	313.6	 PL	0	0.0000297
GRB130216B	548918	2.15E-06	10.01	 PL	0	0.00000215
GRB130216A	548927	0.00E+00	10.47	 CPL	2.97E-06	2.97048E-06
GRB130215A	548760	5.40E-06	79.55	 PL	0	0.0000054
GRB130211A	548276	6.52E-07	35.72	 PL	0	0.000000652
GRB130206A	547918	1.97E-06	156	 PL	0	0.00000197
GRB130131B	547420	3.38E-07	4.648	 PL	0	0.000000338
GRB130131A	547407	3.06E-07	53.02	 PL	0	0.000000306
GRB130102A	544784	8.38E-07	169	 PL	0	0.000000838
GRB121229A	544347	8.40E-07	146.5	 PL	0	0.00000084
GRB121226A	544027	1.42E-07	1.16	 PL	0	0.000000142
GRB121217A	542441	6.17E-06	801.5	 PL	0	0.00000617
GRB121212A	541371	1.39E-07	8.112	 PL	0	0.000000139
GRB121211A	541200	1.27E-06	197.1	 PL	0	0.00000127
GRB121209A	540964	2.87E-06	46.88	 PL	0	0.00000287
GRB121202A	540255	0.00E+00	21.19	 CPL	1.06E-06	1.0637E-06
GRB121201A	540178	7.20E-07	46	 PL	0	0.00000072
GRB121128A	539866	0.00E+00	41.69	 CPL	5.83E-06	5.83045E-06
GRB121125A	539563	4.60E-06	86.82	 PL	0	0.0000046
GRB121123A	539358	0.00E+00	425.5	 CPL	1.24E-05	1.24274E-05
GRB121117A	538696	1.08E-06	29.6	 PL	0	0.00000108
GRB121102A	537266	2.05E-06	75.21	 PL	0	0.00000205
GRB121031A	537195	7.95E-06	307.3	 PL	0	0.00000795
GRB121028A	536897	3.35E-07	3.284	 PL	0	0.000000335
GRB121027A	536831	2.20E-06	144.7	 PL	0	0.0000022
GRB121024A	536580	1.10E-06	82.37	 PL	0	0.0000011
GRB121017A	536172	6.56E-07	5.28	 PL	0	0.000000656
GRB121014A	535960	1.07E-06	80	 PL	0	0.00000107
GRB121011A	535764	2.33E-06	117	 PL	0	0.00000233
GRB120927A	534815	0.00E+00	69.07	 CPL	2.31E-06	2.31334E-06
GRB120923A	534402	3.89E-07	29.57	 PL	0	0.000000389
GRB120922A	534394	5.52E-06	238.3	 PL	0	0.00000552
GRB120918A	534015	0.00E+00	26.78	 CPL	2.98E-06	2.98051E-06
GRB120913B	533613	1.11E-05	162.5	 PL	0	0.0000111
GRB120913A	533568	8.80E-07	40.52	 PL	0	0.00000088
GRB120911A	533268	1.06E-06	25.72	 PL	0	0.00000106
GRB120909A	533060	7.50E-06	598.2	 PL	0	0.0000075
GRB120907A	532871	5.88E-07	6.96	 PL	0	0.000000588
GRB120819A	531428	1.40E-06	78.59	 PL	0	0.0000014
GRB120817A	531267	6.92E-07	33.02	 PL	0	0.000000692
GRB120816A	531223	3.73E-07	4.784	 PL	0	0.000000373
GRB120815A	531003	4.92E-07	12.21	 PL	0	0.000000492
GRB120811C	530689	0.00E+00	41.06	 CPL	2.84E-06	2.84485E-06
GRB120811A	530581	7.53E-07	36.38	 PL	0	0.000000753
GRB120807A	530267	2.92E-07	24.4	 PL	0	0.000000292
GRB120805A	530031	8.41E-07	48	 PL	0	0.000000841
GRB120804A	529686	8.78E-07	0.996	 PL	0	0.000000878
GRB120803B	529606	0.00E+00	54.73	 CPL	1.84E-06	1.83775E-06
GRB120803A	529582	2.81E-07	9.992	 PL	0	0.000000281
GRB120802A	529486	0.00E+00	63.63	 CPL	1.64E-06	1.6423E-06
GRB120729A	529095	2.51E-06	144.9	 PL	0	0.00000251
GRB120728A	529021	2.39E-06	24.18	 PL	0	0.00000239
GRB120724A	528443	8.00E-07	98.63	 PL	0	0.0000008
GRB120722A	528195	1.33E-06	42.94	 PL	0	0.00000133
GRB120714B	526642	1.25E-06	175.4	 PL	0	0.00000125
GRB120714A	526593	8.91E-07	24	 PL	0	0.000000891
GRB120712A	526351	1.84E-06	21.1	 PL	0	0.00000184
GRB120711B	526270	5.87E-07	63.49	 PL	0	0.000000587
GRB120703A	525671	3.79E-06	77.1	 PL	0	0.00000379
GRB120701A	525477	1.45E-06	15.37	 PL	0	0.00000145
GRB120630A	525451	6.02E-08	0.64	 PL	0	6.02E-08
GRB120624B	525068	2.96E-05	207.9	 PL	0	0.0000296
GRB120612A	524128	1.30E-06	108.4	 PL	0	0.0000013
GRB120521C	522656	1.20E-06	32.9	 PL	0	0.0000012
GRB120521B	522586	2.07E-06	169.7	 PL	0	0.00000207
GRB120521A	522578	7.86E-08	0.576	 PL	0	7.86E-08
GRB120514A	522197	2.80E-06	174.3	 PL	0	0.0000028
GRB120422A	520658	3.22E-07	62.4	 PL	0	0.000000322
GRB120403B	519256	2.08E-07	8.288	 PL	0	0.000000208
GRB120403A	519211	1.07E-07	1.592	 PL	0	0.000000107
GRB120401A	519043	9.21E-07	145.7	 PL	0	0.000000921
GRB120327A	518731	3.57E-06	90.36	 PL	0	0.00000357
GRB120326A	518626	0.00E+00	90.58	 CPL	2.52E-06	2.51711E-06
GRB120324A	518507	1.00E-05	293	 PL	0	0.00001
GRB120320A	518200	0.00E+00	29.87	 CPL	5.53E-07	5.52644E-07
GRB120312A	517566	5.67E-07	17.34	 PL	0	0.000000567
GRB120311B	517489	1.04E-06	37.7	 PL	0	0.00000104
GRB120311A	517469	2.96E-07	4.604	 PL	0	0.000000296
GRB120308A	517234	1.17E-06	82.96	 PL	0	0.00000117
GRB120305A	516997	1.99E-07	0.128	 PL	0	0.000000199
GRB120302A	516694	3.70E-07	8.247	 PL	0	0.00000037
GRB120229A	516571	4.14E-08	0.276	 PL	0	4.14E-08
GRB120224A	515976	2.16E-07	8	 PL	0	0.000000216
GRB120219A	515375	6.83E-07	98.19	 PL	0	0.000000683
GRB120215A	515015	2.55E-07	9.976	 PL	0	0.000000255
GRB120213A	514767	1.86E-06	80.77	 PL	0	0.00000186
GRB120212A	514709	4.75E-07	6	 PL	0	0.000000475
GRB120211A	514586	8.62E-07	73.98	 PL	0	0.000000862
GRB120121A	512164	0.00E+00	30.78	 CPL	1.07E-06	1.06831E-06
GRB120119A	512035	1.70E-05	227	 PL	0	0.000017
GRB120118B	512003	1.75E-06	29.4	 PL	0	0.00000175
GRB120116A	511866	0.00E+00	60.01	 CPL	2.88E-06	2.88339E-06
GRB120114A	511739	7.73E-07	8.101	 PL	0	0.000000773
GRB120106A	511235	9.91E-07	68.92	 PL	0	0.000000991
GRB120102A	510922	4.32E-06	53.17	 PL	0	0.00000432
GRB111229A	510736	3.36E-07	27.23	 PL	0	0.000000336
GRB111228A	510649	8.27E-06	128.2	 PL	0	0.00000827
GRB111225A	510341	1.26E-06	121.3	 PL	0	0.00000126
GRB111215A	509717	2.71E-06	409.4	 PL	0	0.00000271
GRB111212A	509543	1.39E-06	68.42	 PL	0	0.00000139
GRB111210A	509419	1.64E-07	2.688	 PL	0	0.000000164
GRB111209A	509337	3.65E-05	979.7	 PL	0	0.0000365
GRB111208A	509285	9.59E-07	10.08	 PL	0	0.000000959
GRB111207A	509245	1.66E-07	10.09	 PL	0	0.000000166
GRB111204A	509018	4.70E-07	48	 PL	0	0.00000047
GRB111201A	508800	4.45E-07	9.498	 PL	0	0.000000445
GRB111129A	508712	1.82E-07	8.984	 PL	0	0.000000182
GRB111126A	48079001	6.69E-08	0.712	 PL	0	6.69E-08
GRB111123A	508319	7.10E-06	490	 PL	0	0.0000071
GRB111117A	507901	1.45E-07	0.496	 PL	0	0.000000145
GRB111109A	507342	2.43E-07	14	 PL	0	0.000000243
GRB111107A	507185	9.12E-07	37.55	 PL	0	0.000000912
GRB111103B	506903	7.91E-06	257.3	 PL	0	0.00000791
GRB111103A	506902	1.40E-06	12.56	 PL	0	0.0000014
GRB111029A	506519	4.22E-07	8.472	 PL	0	0.000000422
GRB111026A	506291	1.67E-07	4.132	 PL	0	0.000000167
GRB111022B	506074	8.98E-07	106.8	 PL	0	0.000000898
GRB111022A	506070	0.00E+00	35.28	 CPL	1.92E-06	1.91725E-06
GRB111020A	505926	6.30E-08	0.432	 PL	0	0.000000063
GRB111018A	505801	4.01E-07	41.38	 PL	0	0.000000401
GRB111016A	505646	3.90E-06	583.1	 PL	0	0.0000039
GRB111008A	505054	5.20E-06	71.42	 PL	0	0.0000052
GRB110928A	504215	7.02E-07	28.96	 PL	0	0.000000702
GRB110921A	503652	2.17E-06	37.61	 PL	0	0.00000217
GRB110915A	503219	0.00E+00	104.7	 CPL	5.70E-06	5.69897E-06
GRB110820A	501095	8.17E-07	274.4	 PL	0	0.000000817
GRB110808A	458918	3.69E-07	45.04	 PL	0	0.000000369
GRB110731A	458448	5.94E-06	81.33	 PL	0	0.00000594
GRB110719A	457553	1.91E-06	56.08	 PL	0	0.00000191
GRB110709B	456967	2.34E-05	881.6	 PL	0	0.0000234
GRB110709A	456939	9.97E-06	60.77	 PL	0	0.00000997
GRB110625A	456073	2.81E-05	146.5	 PL	0	0.0000281
GRB110530A	454473	4.85E-07	66.24	 PL	0	0.000000485
GRB110521A	453788	6.71E-07	108	 PL	0	0.000000671
GRB110520A	453747	1.16E-06	27.65	 PL	0	0.00000116
GRB110519A	453628	3.97E-06	41.91	 PL	0	0.00000397
GRB110503A	452685	1.13E-05	210.2	 PL	0	0.0000113
GRB110422A	451901	0.00E+00	47.92	 CPL	3.83E-05	3.83166E-05
GRB110420A	451757	6.43E-06	21.92	 PL	0	0.00000643
GRB110414A	451343	3.48E-06	171.3	 PL	0	0.00000348
GRB110412A	451191	1.79E-06	27.23	 PL	0	0.00000179
GRB110411A	451165	0.00E+00	103.2	 CPL	3.30E-06	3.29541E-06
GRB110407A	450884	0.00E+00	181.4	 CPL	1.72E-06	1.7242E-06
GRB110402A	450545	3.24E-06	62.91	 PL	0	0.00000324
GRB110319B	449578001	1.35E-06	35.7	 PL	0	0.00000135
GRB110318B	449549	2.87E-07	5.38	 PL	0	0.000000287
GRB110318A	449542	0.00E+00	23.59	 CPL	4.93E-06	4.92785E-06
GRB110315A	449399	4.08E-06	105.6	 PL	0	0.00000408
GRB110312A	449074	8.12E-07	40.05	 PL	0	0.000000812
GRB110305A	448229	7.98E-07	13	 PL	0	0.000000798
GRB110223B	446677	6.11E-07	65.1	 PL	0	0.000000611
GRB110223A	446674	1.67E-07	8	 PL	0	0.000000167
GRB110213A	445414	5.97E-06	64	 PL	0	0.00000597
GRB110212A	445321	0.00E+00	4.352	 CPL	2.39E-07	2.38962E-07
GRB110210A	445141	8.80E-07	210.9	 PL	0	0.00000088
GRB110208A	445038	2.32E-07	19.07	 PL	0	0.000000232
GRB110205A	444643	1.58E-05	507.4	 PL	0	0.0000158
GRB110128A	443861	5.78E-07	16.56	 PL	0	0.000000578
GRB110119A	442978	7.27E-06	326	 PL	0	0.00000727
GRB110112A	442039	2.97E-08	0.576	 PL	0	2.97E-08
GRB110107A	90978002	5.60E-06	86	 PL	0	0.0000056
GRB110106B	441676	2.05E-06	53.95	 PL	0	0.00000205
GRB110106A	441664	2.38E-07	3	 PL	0	0.000000238
GRB110102A	441454	1.58E-05	353.8	 PL	0	0.0000158
GRB101225A	441015	2.10E-06	1142	 PL	0	0.0000021
GRB101219B	440635	2.59E-06	49.15	 PL	0	0.00000259
GRB101213A	440285	4.99E-06	200	 PL	0	0.00000499
GRB101117B	438675	1.10E-06	8.276	 PL	0	0.0000011
GRB101114A	438392	4.39E-07	3.501	 PL	0	0.000000439
GRB101030A	437408	2.99E-06	124.2	 PL	0	0.00000299
GRB101024A	437016	0.00E+00	20.38	 CPL	1.45E-06	1.45363E-06
GRB101023A	436981	0.00E+00	149.6	 CPL	2.59E-05	2.59485E-05
GRB101020A	436737	2.56E-06	208.6	 PL	0	0.00000256
GRB101017A	436429	1.75E-05	136.1	 PL	0	0.0000175
GRB101011A	436094	1.38E-06	87.45	 PL	0	0.00000138
GRB101008A	435903	1.15E-06	109.2	 PL	0	0.00000115
GRB100928A	435160	3.91E-07	4.72	 PL	0	0.000000391
GRB100924A	434843	8.07E-06	89	 PL	0	0.00000807
GRB100917A	434360	8.52E-07	68.44	 PL	0	0.000000852
GRB100915A	434178	1.50E-06	222.1	 PL	0	0.0000015
GRB100906A	433509	1.19E-05	130.7	 PL	0	0.0000119
GRB100905A	433442	1.73E-07	3.78	 PL	0	0.000000173
GRB100904A	433273	1.27E-06	38.08	 PL	0	0.00000127
GRB100902A	433160	3.22E-06	459.1	 PL	0	0.00000322
GRB100901A	433065	1.95E-06	460.8	 PL	0	0.00000195
GRB100823A	432420	4.11E-07	20.58	 PL	0	0.000000411
GRB100816A	431764	0.00E+00	5.228	 CPL	1.95E-06	0.00000195
GRB100814A	431605	8.85E-06	247.8	 PL	0	0.00000885
GRB100807A	431128	3.36E-07	9.216	 PL	0	0.000000336
GRB100805A	430957	5.07E-07	18.46	 PL	0	0.000000507
GRB100802A	430603	3.47E-06	535.1	 PL	0	0.00000347
GRB100728B	430172	1.67E-06	14.94	 PL	0	0.00000167
GRB100728A	430151	3.73E-05	412.6	 PL	0	0.0000373
GRB100725B	429969	6.54E-06	230.1	 PL	0	0.00000654
GRB100725A	429954	2.07E-06	174.2	 PL	0	0.00000207
GRB100724A	429868	1.61E-07	1.564	 PL	0	0.000000161
GRB100719A	429357	5.29E-07	39	 PL	0	0.000000529
GRB100704A	426722	5.85E-06	264.6	 PL	0	0.00000585
GRB100702A	426438	1.44E-07	0.512	 PL	0	0.000000144
GRB100621A	425151	2.06E-05	210.4	 PL	0	0.0000206
GRB100619A	424998	4.41E-06	109.5	 PL	0	0.00000441
GRB100615A	424733	4.92E-06	47.45	 PL	0	0.00000492
GRB100606A	424031	5.62E-06	83.19	 PL	0	0.00000562
GRB100526B	423184	5.33E-07	74	 PL	0	0.000000533
GRB100526A	423181	2.47E-06	114	 PL	0	0.00000247
GRB100522A	422783	2.06E-06	64	 PL	0	0.00000206
GRB100514A	421962	3.99E-07	29.98	 PL	0	0.000000399
GRB100513A	421814	1.43E-06	105	 PL	0	0.00000143
GRB100508A	421386	7.50E-07	59.91	 PL	0	0.00000075
GRB100504A	421124	2.34E-06	112.2	 PL	0	0.00000234
GRB100427A	420547	2.50E-07	8.064	 PL	0	0.00000025
GRB100425A	420398	4.64E-07	41.49	 PL	0	0.000000464
GRB100424A	420367	1.50E-06	125	 PL	0	0.0000015
GRB100423A	420247	8.83E-06	96.62	 PL	0	0.00000883
GRB100420A	419932	4.96E-07	69.35	 PL	0	0.000000496
GRB100418A	419797	3.46E-07	9.416	 PL	0	0.000000346
GRB100413A	419404	6.18E-06	226.5	 PL	0	0.00000618
GRB100401A	417974	3.86E-07	3	 PL	0	0.000000386
GRB100324A	416945	7.52E-08	6.4	 PL	0	7.52E-08
GRB100322B	416771	4.64E-08	1	 PL	0	4.64E-08
GRB100316D	416135	3.28E-06	953.7	 PL	0	0.00000328
GRB100316C	416115	1.82E-07	9.932	 PL	0	0.000000182
GRB100316B	416103	1.98E-07	4.396	 PL	0	0.000000198
GRB100316A	416076	8.22E-07	7.968	 PL	0	0.000000822
GRB100305A	414905	1.58E-06	87.36	 PL	0	0.00000158
GRB100302A	414592	3.16E-07	19.65	 PL	0	0.000000316
GRB100216A	412522	2.64E-08	0.272	 PL	0	2.64E-08
GRB100213B	412220	1.22E-06	117.2	 PL	0	0.00000122
GRB100213A	412217	2.68E-07	2.552	 PL	0	0.000000268
GRB100212A	412081	1.14E-06	178.2	 PL	0	0.00000114
GRB100206A	411412	1.39E-07	0.132	 PL	0	0.000000139
GRB100205A	411248	3.64E-07	29.86	 PL	0	0.000000364
GRB100203A	411011	2.42E-07	9.67	 PL	0	0.000000242
GRB100117A	382941	9.35E-08	0.324	 PL	0	9.35E-08
GRB100111A	382399	6.77E-07	18	 PL	0	0.000000677
GRB091208B	378559	3.20E-06	19.5	 PL	0	0.0000032
GRB091208A	378554	1.80E-06	96	 PL	0	0.0000018
GRB091130B	377487	1.46E-06	156	 PL	0	0.00000146
GRB091109B	375409	1.95E-07	0.336	 PL	0	0.000000195
GRB091109A	375246	1.64E-06	52.59	 PL	0	0.00000164
GRB090929B	371050	5.82E-06	380.7	 PL	0	0.00000582
GRB090929A	75259002	2.18E-06	52.13	 PL	0	0.00000218
GRB090926B	370791	0.00E+00	152	 CPL	7.12E-06	7.12334E-06
GRB090904B	361831	1.27E-05	80	 PL	0	0.0000127
GRB090904A	361830	3.01E-06	156.9	 PL	0	0.00000301
GRB090831C	361489	3.80E-07	80.77	 PL	0	0.00000038
GRB090815C	360068	4.44E-08	0.704	 PL	0	4.44E-08
GRB090814A	359951	1.25E-06	87.33	 PL	0	0.00000125
GRB090809A	359530	3.65E-07	9.968	 PL	0	0.000000365
GRB090715B	357512	5.65E-06	304	 PL	0	0.00000565
GRB090715A	357498	9.54E-07	64	 PL	0	0.000000954
GRB090709B	356912	1.47E-06	33.17	 PL	0	0.00000147
GRB090709A	356890	2.53E-05	168.8	 PL	0	0.0000253
GRB090621A	355303	2.93E-06	272.8	 PL	0	0.00000293
GRB090531B	353728	6.13E-07	55.88	 PL	0	0.000000613
GRB090531A	353627	0.00E+00	60.15	 CPL	1.54E-06	1.53981E-06
GRB090529A	353540	1.04E-06	79.88	 PL	0	0.00000104
GRB090516A	352190	9.21E-06	233.3	 PL	0	0.00000921
GRB090429B	350854	0.00E+00	6.94	 CPL	3.29E-07	3.2898E-07
GRB090429A	350853	1.09E-06	217	 PL	0	0.00000109
GRB090418B	90078001	1.65E-05	89	 PL	0	0.0000165
GRB090418A	349510	4.66E-06	69.41	 PL	0	0.00000466
GRB090417B	349450	2.18E-06	309.4	 PL	0	0.00000218
GRB090401B	348152	1.07E-05	326.3	 PL	0	0.0000107
GRB090401A	348128	1.12E-05	177	 PL	0	0.0000112
GRB090309A	345945	1.37E-07	3	 PL	0	0.000000137
GRB090308A	345777	2.21E-07	28.76	 PL	0	0.000000221
GRB090307A	345551	2.67E-07	24	 PL	0	0.000000267
GRB090306B	31369001	3.24E-06	26	 PL	0	0.00000324
GRB090305A	345127	9.08E-08	0.624	 PL	0	9.08E-08
GRB090301A	344582	2.41E-05	90.14	 PL	0	0.0000241
GRB090107A	339295	2.30E-07	12.59	 PL	0	0.00000023
GRB081226A	338177	9.11E-08	0.504	 PL	0	9.11E-08
GRB081211B	90053089	4.34E-07	70.4	 PL	0	0.000000434
GRB081211A	337115	1.30E-07	3.832	 PL	0	0.00000013
GRB081203B	336489000	2.78E-06	113.2	 PL	0	0.00000278
GRB081203A	336489	7.83E-06	474	 PL	0	0.00000783
GRB081028A	332851	3.95E-06	367.7	 PL	0	0.00000395
GRB081016B	331856	1.08E-07	2.976	 PL	0	0.000000108
GRB080916B	324907	6.38E-07	38.33	 PL	0	0.000000638
GRB080916A	324895	0.00E+00	91.04	 CPL	4.22E-06	4.21844E-06
GRB080915A	324744	2.91E-07	29.39	 PL	0	0.000000291
GRB080905B	323898	1.81E-06	150.4	 PL	0	0.00000181
GRB080905A	323870	1.41E-07	1.088	 PL	0	0.000000141
GRB080727C	318170	0.00E+00	113.5	 CPL	5.30E-06	5.30232E-06
GRB080727B	318101	3.20E-06	9.74	 PL	0	0.0000032
GRB080727A	318094	1.34E-07	5.328	 PL	0	0.000000134
GRB080702B	315630003	5.19E-07	18.29	 PL	0	0.000000519
GRB080702A	315710	3.80E-08	0.576	 PL	0	0.000000038
GRB080613B	313954	5.72E-06	135.1	 PL	0	0.00000572
GRB080603B	313087	0.00E+00	68.37	 CPL	2.46E-06	2.46437E-06
GRB080413B	309111	3.36E-06	12	 PL	0	0.00000336
GRB080319D	306793	3.23E-07	29.49	 PL	0	0.000000323
GRB080319C	306778	3.51E-06	43.75	 PL	0	0.00000351
GRB080319B	306757	8.55E-05	248	 PL	0	0.0000855
GRB080319A	306754	4.45E-06	49.38	 PL	0	0.00000445
GRB080229A	304379	9.10E-06	96	 PL	0	0.0000091
GRB080218B	303631	6.17E-07	7.424	 PL	0	0.000000617
GRB080218A	303609	6.19E-07	25.1	 PL	0	0.000000619
GRB071028A	295527	3.00E-07	29.64	 PL	0	0.0000003
GRB071010B	293795	4.62E-06	59.57	 PL	0	0.00000462
GRB071010A	293707	2.02E-07	7.02	 PL	0	0.000000202
GRB070920B	291728	0.00E+00	27.47	 CPL	6.95E-07	6.94942E-07
GRB070920A	291614	5.15E-07	59.64	 PL	0	0.000000515
GRB070810B	287409	1.64E-08	0.084	 PL	0	1.64E-08
GRB070724A	285948	3.09E-08	0.488	 PL	0	3.09E-08
GRB070721B	285654	3.56E-06	366.6	 PL	0	0.00000356
GRB070721A	285653	7.30E-08	3.568	 PL	0	0.000000073
GRB070714B	284856	7.39E-07	75.43	 PL	0	0.000000739
GRB070714A	284850	1.55E-07	3	 PL	0	0.000000155
GRB070612B	282073	1.82E-06	24	 PL	0	0.00000182
GRB070612A	282066	1.08E-05	422.6	 PL	0	0.0000108
GRB070520B	279898	1.07E-06	112	 PL	0	0.00000107
GRB070429B	277582	6.52E-08	0.536	 PL	0	6.52E-08
GRB070429A	277571	9.36E-07	194	 PL	0	0.000000936
GRB070419B	276212	7.44E-06	324.1	 PL	0	0.00000744
GRB070419A	276205	6.67E-07	192	 PL	0	0.000000667
GRB061222B	252593	2.27E-06	49.78	 PL	0	0.00000227
GRB061222A	252588	8.51E-06	216	 PL	0	0.00000851
GRB061110B	238174	1.35E-06	149.2	 PL	0	0.00000135
GRB061110A	238108	1.13E-06	53.68	 PL	0	0.00000113
GRB060923C	230711	1.57E-06	79.79	 PL	0	0.00000157
GRB060923B	230702	4.90E-07	9.956	 PL	0	0.00000049
GRB060912A	229185	1.36E-06	6.676	 PL	0	0.00000136
GRB060904B	228006	1.71E-06	214.2	 PL	0	0.00000171
GRB060904A	227996	7.83E-06	133.6	 PL	0	0.00000783
GRB060805A	222683	7.31E-08	5.744	 PL	0	7.31E-08
GRB060607B	213934	1.65E-06	37.85	 PL	0	0.00000165
GRB060607A	213823	2.57E-06	125.9	 PL	0	0.00000257
GRB060602A	213180	1.61E-06	82.62	 PL	0	0.00000161
GRB060510B	209352	3.98E-06	300.4	 PL	0	0.00000398
GRB060502B	208275	4.92E-08	0.176	 PL	0	4.92E-08
GRB060502A	208169	2.33E-06	44.63	 PL	0	0.00000233
GRB060428B	207399	8.44E-07	128	 PL	0	0.000000844
GRB060428A	207364	1.40E-06	49.77	 PL	0	0.0000014
GRB060223B	192152	1.60E-06	12.52	 PL	0	0.0000016
GRB060223A	192059	6.74E-07	12.96	 PL	0	0.000000674
GRB060211B	181156	4.45E-07	29.76	 PL	0	0.000000445
GRB060211A	181126	0.00E+00	146.4	 CPL	1.58E-06	1.57616E-06
GRB060204B	180241	0.00E+00	195	 CPL	2.93E-06	2.93187E-06
GRB060111B	176918	1.63E-06	63.72	 PL	0	0.00000163
GRB060111A	176818	0.00E+00	18.23	 CPL	1.20E-06	1.19695E-06
GRB051221B	173904	9.80E-07	49.58	 PL	0	0.00000098
GRB051221A	173780	1.16E-06	2.124	 PL	0	0.00000116
GRB051117A	164268	4.42E-06	186.1	 PL	0	0.00000442
GRB051109B	163170	2.65E-07	18.96	 PL	0	0.000000265
GRB051109A	163136	2.17E-06	44.3	 PL	0	0.00000217
GRB051105A	162580	1.67E-08	0.068	 PL	0	1.67E-08
GRB051021B	160672	0.00E+00	59.33	 CPL	8.19E-07	8.19133E-07
GRB051016A	159913	8.41E-07	23	 PL	0	0.000000841
GRB050922C	156467	1.62E-06	6.8	 PL	0	0.00000162
GRB050922B	156434	2.37E-06	249.2	 PL	0	0.00000237
GRB050915B	155284	0.00E+00	66.04	 CPL	3.40E-06	3.4039E-06
GRB050820B	151334	0.00E+00	15.33	 CPL	2.05E-06	2.05089E-06
GRB050820A	151207	3.83E-06	261.4	 PL	0	0.00000383
GRB050714B	145994	6.30E-07	54.76	 PL	0	0.00000063
GRB050713B	145754	4.35E-06	177.4	 PL	0	0.00000435
GRB050713A	145675	5.13E-06	190.7	 PL	0	0.00000513
GRB050525A	130088	0.00E+00	12.8	 CPL	1.51E-05	1.51314E-05
GRB050509B	118749	7.13E-09	0.028	 PL	0	7.13E-09
GRB050509A	118707	3.38E-07	13.04	 PL	0	0.000000338
GRB050502B	116116	4.72E-07	20.49	 PL	0	0.000000472
GRB050416B	114797	0.00E+00	4.124	 CPL	1.11E-06	1.10555E-06
GRB050416A	114753	4.13E-07	9.452	 PL	0	0.000000413
GRB050219B	106442	0.00E+00	74.16	 CPL	1.58E-05	1.58394E-05
GRB050219A	106415	0.00E+00	36.21	 CPL	4.08E-06	4.08205E-06
GRB050215B	106107	2.35E-07	15.44	 PL	0	0.000000235
GRB050215A	106106	6.39E-07	71.39	 PL	0	0.000000639
GRB041219C	100380	1.14E-06	12	 PL	0	0.00000114
GRB041219B	100368	2.80E-07	28.8	 PL	0	0.00000028
