## GRBname 	 Trig_ID 	 Exposure_time 	 15_150kev
GRB180728A	850471	36.76	0.0000301
GRB180727A	850231	1.384	2.74E-07
GRB180721A	849018	49.31	0.000000594
GRB180720C	848932	164	0.00000228
GRB180720B	848890	531.5	0.0000844
GRB180715A	848048	0.776	0.000000126
GRB180709A	846868	223.1	0.00000136
GRB180706A	846395	67.09	0.00000239
GRB180705A	846299	132.8	0.00000204
GRB180630A	845443	30.38	0.00000175
GRB180626A	844615	35.6	0.00000487
GRB180624A	844192	549.2	0.00000552
GRB180623A	844015	175.9	0.0000114
GRB180620B	843211	321.8	9.97E-06
GRB180614A	841548	7.8	0.00000021
GRB180602A	835200	69.62	0.00000173
GRB180514A	832368	36.96	0.000000901
GRB180512A	832119	26	0.000000424
GRB180510B	831816	157	0.00000212
GRB180510A	831810	80	6.19E-06
GRB180504A	830822	178	0.00000235
GRB180425A	828672	13.7	0.00000118
GRB180418A	826428	7.072	3.13E-07
GRB180411A	824451	107.7	0.0000122
GRB180410A	824063	134	0.00000239
GRB180407A	823001	127.7	0.00000144
GRB180404B	821902	202.2	0.0000118
GRB180404A	821881	46.63	0.00000127
GRB180331B	820513	83.81	0.00000165
GRB180331A	820347	48	0.000000686
GRB180329B	819490	267.1	3.21E-06
GRB180329A	819301	40	0.000000321
GRB180325A	817564	107.9	0.00000639
GRB180324A	817345	9.02	0.000000564
GRB180316A	814677	117	0.00000492
GRB180314B	814305	63.06	0.000000833
GRB180314A	814129	121.6	1.06E-05
GRB180311A	813721	26.82	0.000000333
GRB180224A	811561	15.04	0.000000467
GRB180222A	811235	55.81	0.000000905
GRB180221A	811074	13	0.00000057
GRB180205A	808625	17.91	0.00000102
GRB180115A	805318	43.76	0.000000756
GRB180111A	804692	69.88	0.00001
GRB180103A	803066	10.02	0.00000219
GRB180102A	802999	13.92	0.000000348
GRB171222A	799669	202.1	0.00000188
GRB171212A	796778	400	0.00000334
GRB171211A	796469	2.608	0.000000241
GRB171209A	796100	299.2	0.00000727
GRB171205A	794972	240	0.00000353
GRB171123A	791922	61.68	0.000000476
GRB171120A	791201	80	8.11E-06
GRB171115A	790053	39.71	0.000000669
GRB171103A	785850	5.04	0.000000377
GRB171102B	785510	20.78	0.000000941
GRB171027A	783479	131.1	0.00000775
GRB171027A	783479	131.1	0.00000775
GRB171020A	780845	47.62	0.00000116
GRB171020A	780845	47.62	0.00000116
GRB171011A	778154	2.804	0.00000106
GRB171010B	778019	10.09	0.000000392
GRB171004A	776347	126.4	0.00000292
GRB171001A	775553	22.17	0.000000571
GRB170921A	773509	34.82	0.000000667
GRB170912B	772052	40.32	0.0000024
GRB170912A	772006	27.52	0.00000111
GRB170906C	770981	76.54	8.79E-06
GRB170906A	770957	167.6	0.0000331
GRB170827A	769567	159.7	0.0000016
GRB170823A	769177	87.66	0.00000258
GRB170822A	768939	80	0.00000641
GRB170813A	767563	86.25	0.0000019
GRB170810A	767284	182.1	0.00000471
GRB170807A	766821	52.67	0.000000843
GRB170804A	766194	76.95	0.00000132
GRB170803A	766081	4.836	1.03E-06
GRB170728B	765130	50.62	0.00000165
GRB170728A	765008	1.416	8.27E-08
GRB170724A	764204	109.2	0.00000108
GRB170714A	762535	538.6	0.00000287
GRB170711A	761622	46.99	0.0000014
GRB170710B	86619001	59.2	0.00000238
GRB170710A	761119	36.62	0.000000765
GRB170705A	760064	310	0.00000922
GRB170629A	759159	40.53	0.00000261
GRB170626A	758766	39.27	8.19E-06
GRB170607A	756284	352	0.00000763
GRB170604A	755867	30.5	0.00000509
GRB170531B	755354	181.3	0.00000192
GRB170531A	755343	39.04	0.000000751
GRB170526A	754549	8.788	0.000000182
GRB170524A	754322	0.12	3.75E-08
GRB170519A	753445	231.5	0.00000112
GRB170516A	753110	51.07	0.000000955
GRB170419B	748947	86.95	0.00000193
GRB170419A	748898	8.96	0.000000299
GRB170405A	745797	185.8	0.00000388
GRB170331A	744791	19.94	0.00000107
GRB170330A	744773	151.8	0.00000551
GRB170325A	34941009	0.392	8.58E-08
GRB170318B	743086	1.144	0.000000133
GRB170311A	741965	10	0.000000305
GRB170307A	741528	69.89	0.00000132
GRB170306A	741220	26.32	0.000000858
GRB170208B	737463	177.5	6.11E-06
GRB170205A	736843	47.82	0.00000378
GRB170203A	736432	49.02	0.000000618
GRB170202A	736407	76.21	0.00000334
GRB170127B	735331	0.592	0.000000104
GRB170127A	735326	73.76	0.000000532
GRB170126A	735188	11.65	0.00000295
GRB170115A	733103	49.55	0.000000469
GRB170113A	732526	23.54	6.63E-07
GRB170111A	731887	38.91	0.000000816
GRB170101A	729293	10.14	0.00000628
GRB161224A	728268	52.72	0.000000972
GRB161219B	727541	8.912	0.00000154
GRB161218A	727288	15.9	6.98E-06
GRB161217A	727167	15.88	0.000000198
GRB161214B	726885	31.25	0.00000205
GRB161202A	725036	129.2	0.00000868
GRB161129A	724438	44.53	0.00000359
GRB161117B	722642	163.9	5.64E-06
GRB161117A	722604	160.4	2.02E-05
GRB161113A	722063	58.72	0.00000154
GRB161108A	721234	128.7	0.0000011
GRB161105A	720697	248.1	0.00000616
GRB161104A	720568	0.116	4.25E-08
GRB161022A	718655	7.68	0.000000741
GRB161017A	718023	246.7	0.00000537
GRB161014A	717500	27	0.00000221
GRB161011A	716876	4.868	0.00000023
GRB161007A	716127	243	0.00000132
GRB161004B	715246	32.47	8.76E-06
GRB161001A	714404	3.32	0.000000689
GRB160927A	713782	0.56	0.00000014
GRB160917A	712505	15.61	0.00000122
GRB160912A	711914	244.2	0.00000366
GRB160905A	711084	112	0.0000155
GRB160827A	710050	19.84	0.00000039
GRB160824A	709765	112.2	0.00000252
GRB160821A	709351	117.8	0.00000721
GRB160819A	86022006	47	0.00000775
GRB160815A	708598	11.6	1.39E-06
GRB160804A	707231	222	1.09E-05
GRB160801A	706871	3.172	0.000000174
GRB160726A	706052	0.784	0.000000272
GRB160716A	704572	7.16	0.000000182
GRB160714A	704310	0.372	6.87E-08
GRB160712A	704155	54.06	0.00000261
GRB160709A	703769	4.8	0.000000455
GRB160705B	703176	69.62	0.000000726
GRB160703A	702699	79.73	0.00000897
GRB160630A	702252	36.3	0.00000126
GRB160625A	701503	62.45	0.00000331
GRB160624A	701288	0.256	4.29E-08
GRB160611A	690598	44.9	0.00000178
GRB160607A	689597	58.63	0.0000208
GRB160601A	688452	0.144	6.47E-08
GRB160525B	687522	0.316	3.14E-08
GRB160519A	686818	42.14	0.00000117
GRB160506A	685245	345.1	0.00000153
GRB160504A	685124	58.59	0.000000776
GRB160501A	684679	64	0.000000612
GRB160425A	684098	320.3	0.00000201
GRB160424A	683906	8.16	0.00000125
GRB160419A	683383	13.82	3.68E-06
GRB160417A	683076	16.02	0.000000596
GRB160412A	682522	44.48	0.00000194
GRB160411A	682339	0.392	7.82E-08
GRB160410A	682269	128	0.00000115
GRB160327A	680655	49.22	0.00000136
GRB160325A	680436	111.1	0.0000071
GRB160321A	680017	39.98	0.000000537
GRB160314A	679120	9.348	0.000000275
GRB160303A	677495	5.408	0.000000148
GRB160228A	676595	119.6	0.00000193
GRB160227A	676423	336.4	3.12E-06
GRB160225A	675998	164.4	0.00000158
GRB160223A	675361	188	0.00000525
GRB160220B	674734	45.06	6.96E-06
GRB160220A	674670	9.088	0.000000513
GRB160216A	673978	12	0.00000206
GRB160203A	672525	19.7	0.000000993
GRB160131A	672236	774.5	0.0000201
GRB160127A	671828	7.14	0.000000364
GRB160123A	671447	5.048	0.000000351
GRB160121A	671231	15	0.000000613
GRB160119A	671014	167.6	0.0000069
GRB160117B	670800	14.45	0.000000338
GRB160117A	670793	173	0.00000318
GRB160104A	669319	18.96	0.000000406
GRB151229A	668689	2.456	0.000000585
GRB151228B	668641	64	2.32E-06
GRB151228A	668543	0.312	7.66E-08
GRB151215A	667392	18.59	0.000000308
GRB151210A	666931	110	0.00000148
GRB151205B	666378	1.536	8.02E-08
GRB151205A	666352	80	0.00000144
GRB151127A	665268	0.204	2.33E-08
GRB151122A	664653	10.05	0.000000455
GRB151118A	664078	30.8	0.000000472
GRB151031A	662330	6	0.000000337
GRB151027B	661869	96	0.00000147
GRB151027A	661775	164.1	0.00000729
GRB151023A	661253	13.15	0.000000266
GRB151022A	661036	133.9	0.00000119
GRB151021A	660671	149	0.0000274
GRB151006A	657750	316.1	0.00000722
GRB151004A	657564	148	0.00000101
GRB151001B	657321	158.6	0.00000158
GRB151001A	657286	14.06	0.000000694
GRB150925A	656604	146.1	0.00000137
GRB150915A	655721	176	0.000000738
GRB150911A	655262	10.65	2.07E-06
GRB150910A	655097	151.3	0.00000477
GRB150907B	654803	66	0.00000124
GRB150901A	654042	80	0.000000455
GRB150831B	653978	7.424	0.00000138
GRB150831A	653838	1.052	0.000000362
GRB150821A	652847	156.5	0.000000844
GRB150819A	652643	59.44	0.00000047
GRB150818A	652603	201.3	0.00000426
GRB150817A	652334	75.5	0.00000594
GRB150811A	651882	37.68	0.000000482
GRB150801B	650977	464.1	0.00000295
GRB150728A	650617	0.96	3.26E-08
GRB150724A	650141	326.5	0.00000213
GRB150722A	649916	72.08	0.000000595
GRB150720A	649706	305.5	0.000000775
GRB150716A	649157	51.34	0.00000148
GRB150710A	648437	0.208	7.09E-08
GRB150626B	646786	48	0.00000104
GRB150626A	646603	121.7	0.00000137
GRB150616A	644259	753.9	0.0000196
GRB150615A	643833	39.34	0.000000606
GRB150607A	642620	28.13	2.30E-06
GRB150530B	84922008	3	0.000000173
GRB150530A	642018	8.064	0.00000177
GRB150527A	641698	124	0.00000321
GRB150513A	640584	183.7	0.00000564
GRB150430A	639433	119.6	0.00000673
GRB150428B	639278	161.8	3.57E-06
GRB150428A	639275	77.58	0.00000632
GRB150413A	637899	281	0.00000427
GRB150403A	637044	228.5	0.0000171
GRB150402A	636865000	8.07	0.000000145
GRB150323C	636005	189.8	0.00000133
GRB150323B	635929	10.11	0.00000303
GRB150323A	635887	192.9	0.0000056
GRB150318A	635289	119.5	0.00000245
GRB150317A	635148	24.43	0.000000648
GRB150314A	634795	103.6	0.0000225
GRB150309A	634200	316.4	1.74E-05
GRB150302A	633237	29.38	0.000000257
GRB150301A	632995	0.56	7.36E-08
GRB150222A	632180	28.05	0.00000217
GRB150213B	631051	287	0.00000321
GRB150212A	630876	19.78	0.0000009
GRB150206A	630019	411.9	0.0000148
GRB150204A	84702002	19	0.000000879
GRB150203A	629578	29.53	0.000000936
GRB150202A	629547	28.29	0.000000624
GRB150201A	629302	30.03	0.000000778
GRB150120B	627170	28.18	0.000000534
GRB150120A	627137	1.356	0.000000144
GRB150110B	624606	11.71	0.000000492
GRB150103A	623368	58.62	0.000000953
GRB141225A	622476	124.9	0.00000281
GRB141220A	621915	8.204	2.56E-06
GRB141212B	621234	12.2	0.00000119
GRB141212A	621229	0.336	7.25E-08
GRB141130A	620090	82.76	0.00000277
GRB141121A	619182	552.7	0.00000432
GRB141109B	618032	227.2	0.000000823
GRB141109A	618024	322.6	0.00000666
GRB141031B	617149	17.26	0.000000248
GRB141031A	617110	910.7	0.00000345
GRB141026A	616502	166.9	0.00000129
GRB141020A	615873	18.84	0.000000463
GRB141017A	615672	66.8	2.98E-06
GRB141015A	615399	13	0.000000159
GRB141005A	614415	4.176	0.00000109
GRB141004A	614390	6.188	0.000000668
GRB140927A	613775	8.268	0.000000268
GRB140919A	613160	173.1	0.00000619
GRB140916A	612804	79.97	0.0000015
GRB140907A	611933	144	0.00000451
GRB140901B	611389	4.8	0.000000531
GRB140828A	610953	25.02	1.37E-06
GRB140824A	610501	3.376	0.000000183
GRB140818B	609885	35.26	0.00000065
GRB140817A	609736	318.9	0.0000045
GRB140730A	607742	44.54	0.000000301
GRB140719B	605700	65	0.00000128
GRB140710A	603954	4	0.000000229
GRB140709B	603866	219.2	0.00000433
GRB140709A	603810	131.7	5.42E-06
GRB140706A	603587	58.74	0.00000195
GRB140703A	603243	137.5	0.00000388
GRB140629A	602884	54.85	0.00000229
GRB140628A	602803	12.36	0.00000133
GRB140626A	602604	17.54	0.000000396
GRB140622A	602278	0.152	1.32E-08
GRB140619A	602080	303.7	0.0000212
GRB140614B	601662	58.96	0.000000584
GRB140614A	601646	96.82	0.00000103
GRB140610A	601259	112.4	0.00000592
GRB140606A	600951	0.392	5.12E-08
GRB140529A	91901003	13.09	0.00000226
GRB140521A	599546	11.3	0.000000938
GRB140518A	599287	64.02	1.06E-06
GRB140516A	599188	0.32	3.01E-08
GRB140515A	599037	25.79	6.19E-07
GRB140512A	598819	201	0.000013
GRB140506A	598284	120.4	0.00000266
GRB140502A	597841	19.06	0.000000675
GRB140430A	597722	177.9	0.00000113
GRB140428A	597519	20.02	0.00000034
GRB140423A	596901	239	0.00000937
GRB140419A	596426	134	0.0000157
GRB140414A	84568002	0.532	0.000000124
GRB140413A	595616	164.1	0.0000114
GRB140412A	595608	48	0.000000709
GRB140408A	595141	4.128	0.000000326
GRB140402A	594308	1.408	5.45E-08
GRB140331A	594081	249.1	0.000000713
GRB140323A	592916	135.7	0.0000157
GRB140320A	592544	0.64	5.24E-08
GRB140318A	592204	9.432	0.000000285
GRB140311B	591392	3.065	0.000000221
GRB140311A	591390	76.67	0.0000021
GRB140304A	590206	17.31	1.10E-06
GRB140302A	589685	116.2	0.00000275
GRB140301A	589590	40.8	0.000000455
GRB140215A	586680	37.33	0.00000724
GRB140213A	586569	87.74	0.000012
GRB140211A	586289	141	0.00000188
GRB140209A	586071	27.47	0.00000415
GRB140206A	585834	294.4	1.64E-05
GRB140129B	585149	1.512	7.08E-08
GRB140129A	585128	3	0.000000128
GRB140118A	584136	103	0.00000256
GRB140114A	583861	183.1	0.0000032
GRB140108A	583338	128.2	0.00000714
GRB140102A	582760	131.4	0.00000762
GRB131229A	582374	96	0.00000689
GRB131227A	582184	20.42	0.000000841
GRB131226A	582123	8.96	0.00000402
GRB131224B	32923023	9.616	0.000000259
GRB131205A	580267	20.76	0.000000189
GRB131202A	579982	37.26	0.000000606
GRB131128A	579683	3	0.000000317
GRB131127A	579571	111.6	0.00000199
GRB131120A	578227	135.4	0.000000609
GRB131117A	577968	12.42	0.000000298
GRB131110A	20326002	84.8	0.00000344
GRB131103A	576562	18.54	0.000000812
GRB131030A	576238	148.9	0.0000291
GRB131024B	575754	109.3	0.00000146
GRB131024A	575707	128	0.00000121
GRB131018A	574935	96.64	0.00000109
GRB131004A	573190	2.048	0.000000276
GRB131002B	572742	63	0.000000787
GRB131002A	572721	59.95	0.00000056
GRB131001A	82217006	6	5.16E-07
GRB130929A	572308	14.34	0.000000708
GRB130925A	571830	963	0.0000403
GRB130919A	571271	128.2	1.36E-06
GRB130913A	570531	10.02	0.000000126
GRB130912A	570465	0.316	0.000000175
GRB130907A	569992	839.5	0.000136
GRB130831B	568855	44.46	0.00000146
GRB130831A	568849	43.23	0.0000065
GRB130829A	568417	64.04	0.00000127
GRB130822A	567163	0.048	1.22E-08
GRB130816B	566561	11.4	0.000000287
GRB130816A	566545	30.64	0.000000427
GRB130807A	565651	326	0.00000222
GRB130806A	565562	6.264	0.000000166
GRB130803A	565263	45.62	0.0000014
GRB130727A	564342	25.46	0.00000384
GRB130725B	564028	6.28	0.000000375
GRB130725A	563980	113.2	0.000000977
GRB130722A	563213	257	0.000013
GRB130716A	561974	106.7	0.000000329
GRB130708A	560515	8.448	0.00000114
GRB130701A	559482	6.492	4.38E-06
GRB130627B	559139	64	0.000000825
GRB130626A	559075	0.192	6.02E-08
GRB130625A	558982	57.76	0.00000186
GRB130615A	558271	361.3	0.00000229
GRB130610A	557845	69.48	0.00000253
GRB130609B	557828	317.7	0.0000164
GRB130609A	557782	8.464	0.000000574
GRB130608A	557771	156.9	0.00000089
GRB130606A	557589	298.3	0.00000276
GRB130604A	557354	96.21	0.00000154
GRB130603B	557310	0.252	0.000000627
GRB130603A	557274	125.8	0.0000019
GRB130529A	556930	110.3	0.00000126
GRB130528A	556870	720	0.00000568
GRB130527A	556753	176	0.0000133
GRB130521A	556344	13.28	0.000000425
GRB130518B	556105	6.479	0.000000595
GRB130514A	555821	280.7	0.000009
GRB130511A	555600	2.904	0.000000174
GRB130508A	555413	48.58	0.000000614
GRB130505A	555163	339.7	0.00000347
GRB130502A	554996	10.4	0.000000431
GRB130427B	554635	30.11	0.00000145
GRB130427A	554620	711.2	0.000373
GRB130420B	553996	20.66	6.57E-07
GRB130420A	553977	203.1	0.00000759
GRB130419A	553918	139.4	0.000000844
GRB130418A	553847	313.1	0.00000177
GRB130408A	553132	4.656	0.00000167
GRB130327A	552063	8.04	0.000000227
GRB130315A	551126	266.4	0.00000453
GRB130313A	550906	0.204	2.95E-08
GRB130306A	550457	313.6	0.0000297
GRB130216B	548918	10.01	0.00000215
GRB130216A	548927	10.47	2.97E-06
GRB130215A	548760	79.55	0.0000054
GRB130211A	548276	35.72	0.000000652
GRB130206A	547918	156	0.00000197
GRB130131B	547420	4.648	0.000000338
GRB130131A	547407	53.02	0.000000306
GRB130102A	544784	169	0.000000838
GRB121229A	544347	146.5	0.00000084
GRB121226A	544027	1.16	0.000000142
GRB121217A	542441	801.5	0.00000617
GRB121212A	541371	8.112	0.000000139
GRB121211A	541200	197.1	0.00000127
GRB121209A	540964	46.88	0.00000287
GRB121202A	540255	21.19	1.06E-06
GRB121201A	540178	46	0.00000072
GRB121128A	539866	41.69	5.83E-06
GRB121125A	539563	86.82	0.0000046
GRB121123A	539358	425.5	1.24E-05
GRB121117A	538696	29.6	0.00000108
GRB121102A	537266	75.21	0.00000205
GRB121031A	537195	307.3	0.00000795
GRB121028A	536897	3.284	0.000000335
GRB121027A	536831	144.7	0.0000022
GRB121024A	536580	82.37	0.0000011
GRB121017A	536172	5.28	0.000000656
GRB121014A	535960	80	0.00000107
GRB121011A	535764	117	0.00000233
GRB120927A	534815	69.07	2.31E-06
GRB120923A	534402	29.57	0.000000389
GRB120922A	534394	238.3	0.00000552
GRB120918A	534015	26.78	2.98E-06
GRB120913B	533613	162.5	0.0000111
GRB120913A	533568	40.52	0.00000088
GRB120911A	533268	25.72	0.00000106
GRB120909A	533060	598.2	0.0000075
GRB120907A	532871	6.96	0.000000588
GRB120819A	531428	78.59	0.0000014
GRB120817A	531267	33.02	0.000000692
GRB120816A	531223	4.784	0.000000373
GRB120815A	531003	12.21	0.000000492
GRB120811C	530689	41.06	2.84E-06
GRB120811A	530581	36.38	0.000000753
GRB120807A	530267	24.4	0.000000292
GRB120805A	530031	48	0.000000841
GRB120804A	529686	0.996	0.000000878
GRB120803B	529606	54.73	1.84E-06
GRB120803A	529582	9.992	0.000000281
GRB120802A	529486	63.63	1.64E-06
GRB120729A	529095	144.9	0.00000251
GRB120728A	529021	24.18	0.00000239
GRB120724A	528443	98.63	0.0000008
GRB120722A	528195	42.94	0.00000133
GRB120714B	526642	175.4	0.00000125
GRB120714A	526593	24	0.000000891
GRB120712A	526351	21.1	0.00000184
GRB120711B	526270	63.49	0.000000587
GRB120703A	525671	77.1	0.00000379
GRB120701A	525477	15.37	0.00000145
GRB120630A	525451	0.64	6.02E-08
GRB120624B	525068	207.9	0.0000296
GRB120612A	524128	108.4	0.0000013
GRB120521C	522656	32.9	0.0000012
GRB120521B	522586	169.7	0.00000207
GRB120521A	522578	0.576	7.86E-08
GRB120514A	522197	174.3	0.0000028
GRB120422A	520658	62.4	0.000000322
GRB120403B	519256	8.288	0.000000208
GRB120403A	519211	1.592	0.000000107
GRB120401A	519043	145.7	0.000000921
GRB120327A	518731	90.36	0.00000357
GRB120326A	518626	90.58	2.52E-06
GRB120324A	518507	293	0.00001
GRB120320A	518200	29.87	5.53E-07
GRB120312A	517566	17.34	0.000000567
GRB120311B	517489	37.7	0.00000104
GRB120311A	517469	4.604	0.000000296
GRB120308A	517234	82.96	0.00000117
GRB120305A	516997	0.128	0.000000199
GRB120302A	516694	8.247	0.00000037
GRB120229A	516571	0.276	4.14E-08
GRB120224A	515976	8	0.000000216
GRB120219A	515375	98.19	0.000000683
GRB120215A	515015	9.976	0.000000255
GRB120213A	514767	80.77	0.00000186
GRB120212A	514709	6	0.000000475
GRB120211A	514586	73.98	0.000000862
GRB120121A	512164	30.78	1.07E-06
GRB120119A	512035	227	0.000017
GRB120118B	512003	29.4	0.00000175
GRB120116A	511866	60.01	2.88E-06
GRB120114A	511739	8.101	0.000000773
GRB120106A	511235	68.92	0.000000991
GRB120102A	510922	53.17	0.00000432
GRB111229A	510736	27.23	0.000000336
GRB111228A	510649	128.2	0.00000827
GRB111225A	510341	121.3	0.00000126
GRB111215A	509717	409.4	0.00000271
GRB111212A	509543	68.42	0.00000139
GRB111210A	509419	2.688	0.000000164
GRB111209A	509337	979.7	0.0000365
GRB111208A	509285	10.08	0.000000959
GRB111207A	509245	10.09	0.000000166
GRB111204A	509018	48	0.00000047
GRB111201A	508800	9.498	0.000000445
GRB111129A	508712	8.984	0.000000182
GRB111126A	48079001	0.712	6.69E-08
GRB111123A	508319	490	0.0000071
GRB111117A	507901	0.496	0.000000145
GRB111109A	507342	14	0.000000243
GRB111107A	507185	37.55	0.000000912
GRB111103B	506903	257.3	0.00000791
GRB111103A	506902	12.56	0.0000014
GRB111029A	506519	8.472	0.000000422
GRB111026A	506291	4.132	0.000000167
GRB111022B	506074	106.8	0.000000898
GRB111022A	506070	35.28	1.92E-06
GRB111020A	505926	0.432	0.000000063
GRB111018A	505801	41.38	0.000000401
GRB111016A	505646	583.1	0.0000039
GRB111008A	505054	71.42	0.0000052
GRB110928A	504215	28.96	0.000000702
GRB110921A	503652	37.61	0.00000217
GRB110915A	503219	104.7	5.70E-06
GRB110820A	501095	274.4	0.000000817
GRB110808A	458918	45.04	0.000000369
GRB110731A	458448	81.33	0.00000594
GRB110719A	457553	56.08	0.00000191
GRB110709B	456967	881.6	0.0000234
GRB110709A	456939	60.77	0.00000997
GRB110625A	456073	146.5	0.0000281
GRB110530A	454473	66.24	0.000000485
GRB110521A	453788	108	0.000000671
GRB110520A	453747	27.65	0.00000116
GRB110519A	453628	41.91	0.00000397
GRB110503A	452685	210.2	0.0000113
GRB110422A	451901	47.92	3.83E-05
GRB110420A	451757	21.92	0.00000643
GRB110414A	451343	171.3	0.00000348
GRB110412A	451191	27.23	0.00000179
GRB110411A	451165	103.2	3.30E-06
GRB110407A	450884	181.4	1.72E-06
GRB110402A	450545	62.91	0.00000324
GRB110319B	449578001	35.7	0.00000135
GRB110318B	449549	5.38	0.000000287
GRB110318A	449542	23.59	4.93E-06
GRB110315A	449399	105.6	0.00000408
GRB110312A	449074	40.05	0.000000812
GRB110305A	448229	13	0.000000798
GRB110223B	446677	65.1	0.000000611
GRB110223A	446674	8	0.000000167
GRB110213A	445414	64	0.00000597
GRB110212A	445321	4.352	2.39E-07
GRB110210A	445141	210.9	0.00000088
GRB110208A	445038	19.07	0.000000232
GRB110205A	444643	507.4	0.0000158
GRB110128A	443861	16.56	0.000000578
GRB110119A	442978	326	0.00000727
GRB110112A	442039	0.576	2.97E-08
GRB110107A	90978002	86	0.0000056
GRB110106B	441676	53.95	0.00000205
GRB110106A	441664	3	0.000000238
GRB110102A	441454	353.8	0.0000158
GRB101225A	441015	1142	0.0000021
GRB101219B	440635	49.15	0.00000259
GRB101213A	440285	200	0.00000499
GRB101117B	438675	8.276	0.0000011
GRB101114A	438392	3.501	0.000000439
GRB101030A	437408	124.2	0.00000299
GRB101024A	437016	20.38	1.45E-06
GRB101023A	436981	149.6	2.59E-05
GRB101020A	436737	208.6	0.00000256
GRB101017A	436429	136.1	0.0000175
GRB101011A	436094	87.45	0.00000138
GRB101008A	435903	109.2	0.00000115
GRB100928A	435160	4.72	0.000000391
GRB100924A	434843	89	0.00000807
GRB100917A	434360	68.44	0.000000852
GRB100915A	434178	222.1	0.0000015
GRB100906A	433509	130.7	0.0000119
GRB100905A	433442	3.78	0.000000173
GRB100904A	433273	38.08	0.00000127
GRB100902A	433160	459.1	0.00000322
GRB100901A	433065	460.8	0.00000195
GRB100823A	432420	20.58	0.000000411
GRB100816A	431764	5.228	0.00000195
GRB100814A	431605	247.8	0.00000885
GRB100807A	431128	9.216	0.000000336
GRB100805A	430957	18.46	0.000000507
GRB100802A	430603	535.1	0.00000347
GRB100728B	430172	14.94	0.00000167
GRB100728A	430151	412.6	0.0000373
GRB100725B	429969	230.1	0.00000654
GRB100725A	429954	174.2	0.00000207
GRB100724A	429868	1.564	0.000000161
GRB100719A	429357	39	0.000000529
GRB100704A	426722	264.6	0.00000585
GRB100702A	426438	0.512	0.000000144
GRB100621A	425151	210.4	0.0000206
GRB100619A	424998	109.5	0.00000441
GRB100615A	424733	47.45	0.00000492
GRB100606A	424031	83.19	0.00000562
GRB100526B	423184	74	0.000000533
GRB100526A	423181	114	0.00000247
GRB100522A	422783	64	0.00000206
GRB100514A	421962	29.98	0.000000399
GRB100513A	421814	105	0.00000143
GRB100508A	421386	59.91	0.00000075
GRB100504A	421124	112.2	0.00000234
GRB100427A	420547	8.064	0.00000025
GRB100425A	420398	41.49	0.000000464
GRB100424A	420367	125	0.0000015
GRB100423A	420247	96.62	0.00000883
GRB100420A	419932	69.35	0.000000496
GRB100418A	419797	9.416	0.000000346
GRB100413A	419404	226.5	0.00000618
GRB100401A	417974	3	0.000000386
GRB100324A	416945	6.4	7.52E-08
GRB100322B	416771	1	4.64E-08
GRB100316D	416135	953.7	0.00000328
GRB100316C	416115	9.932	0.000000182
GRB100316B	416103	4.396	0.000000198
GRB100316A	416076	7.968	0.000000822
GRB100305A	414905	87.36	0.00000158
GRB100302A	414592	19.65	0.000000316
GRB100216A	412522	0.272	2.64E-08
GRB100213B	412220	117.2	0.00000122
GRB100213A	412217	2.552	0.000000268
GRB100212A	412081	178.2	0.00000114
GRB100206A	411412	0.132	0.000000139
GRB100205A	411248	29.86	0.000000364
GRB100203A	411011	9.67	0.000000242
GRB100117A	382941	0.324	9.35E-08
GRB100111A	382399	18	0.000000677
GRB091208B	378559	19.5	0.0000032
GRB091208A	378554	96	0.0000018
GRB091130B	377487	156	0.00000146
GRB091109B	375409	0.336	0.000000195
GRB091109A	375246	52.59	0.00000164
GRB090929B	371050	380.7	0.00000582
GRB090929A	75259002	52.13	0.00000218
GRB090926B	370791	152	7.12E-06
GRB090904B	361831	80	0.0000127
GRB090904A	361830	156.9	0.00000301
GRB090831C	361489	80.77	0.00000038
GRB090815C	360068	0.704	4.44E-08
GRB090814A	359951	87.33	0.00000125
GRB090809A	359530	9.968	0.000000365
GRB090715B	357512	304	0.00000565
GRB090715A	357498	64	0.000000954
GRB090709B	356912	33.17	0.00000147
GRB090709A	356890	168.8	0.0000253
GRB090621A	355303	272.8	0.00000293
GRB090531B	353728	55.88	0.000000613
GRB090531A	353627	60.15	1.54E-06
GRB090529A	353540	79.88	0.00000104
GRB090516A	352190	233.3	0.00000921
GRB090429B	350854	6.94	3.29E-07
GRB090429A	350853	217	0.00000109
GRB090418B	90078001	89	0.0000165
GRB090418A	349510	69.41	0.00000466
GRB090417B	349450	309.4	0.00000218
GRB090401B	348152	326.3	0.0000107
GRB090401A	348128	177	0.0000112
GRB090309A	345945	3	0.000000137
GRB090308A	345777	28.76	0.000000221
GRB090307A	345551	24	0.000000267
GRB090306B	31369001	26	0.00000324
GRB090305A	345127	0.624	9.08E-08
GRB090301A	344582	90.14	0.0000241
GRB090107A	339295	12.59	0.00000023
GRB081226A	338177	0.504	9.11E-08
GRB081211B	90053089	70.4	0.000000434
GRB081211A	337115	3.832	0.00000013
GRB081203B	336489000	113.2	0.00000278
GRB081203A	336489	474	0.00000783
GRB081028A	332851	367.7	0.00000395
GRB081016B	331856	2.976	0.000000108
GRB080916B	324907	38.33	0.000000638
GRB080916A	324895	91.04	4.22E-06
GRB080915A	324744	29.39	0.000000291
GRB080905B	323898	150.4	0.00000181
GRB080905A	323870	1.088	0.000000141
GRB080727C	318170	113.5	5.30E-06
GRB080727B	318101	9.74	0.0000032
GRB080727A	318094	5.328	0.000000134
GRB080702B	315630003	18.29	0.000000519
GRB080702A	315710	0.576	0.000000038
GRB080613B	313954	135.1	0.00000572
GRB080603B	313087	68.37	2.46E-06
GRB080413B	309111	12	0.00000336
GRB080319D	306793	29.49	0.000000323
GRB080319C	306778	43.75	0.00000351
GRB080319B	306757	248	0.0000855
GRB080319A	306754	49.38	0.00000445
GRB080229A	304379	96	0.0000091
GRB080218B	303631	7.424	0.000000617
GRB080218A	303609	25.1	0.000000619
GRB071028A	295527	29.64	0.0000003
GRB071010B	293795	59.57	0.00000462
GRB071010A	293707	7.02	0.000000202
GRB070920B	291728	27.47	6.95E-07
GRB070920A	291614	59.64	0.000000515
GRB070810B	287409	0.084	1.64E-08
GRB070724A	285948	0.488	3.09E-08
GRB070721B	285654	366.6	0.00000356
GRB070721A	285653	3.568	0.000000073
GRB070714B	284856	75.43	0.000000739
GRB070714A	284850	3	0.000000155
GRB070612B	282073	24	0.00000182
GRB070612A	282066	422.6	0.0000108
GRB070520B	279898	112	0.00000107
GRB070429B	277582	0.536	6.52E-08
GRB070429A	277571	194	0.000000936
GRB070419B	276212	324.1	0.00000744
GRB070419A	276205	192	0.000000667
GRB061222B	252593	49.78	0.00000227
GRB061222A	252588	216	0.00000851
GRB061110B	238174	149.2	0.00000135
GRB061110A	238108	53.68	0.00000113
GRB060923C	230711	79.79	0.00000157
GRB060923B	230702	9.956	0.00000049
GRB060912A	229185	6.676	0.00000136
GRB060904B	228006	214.2	0.00000171
GRB060904A	227996	133.6	0.00000783
GRB060805A	222683	5.744	7.31E-08
GRB060607B	213934	37.85	0.00000165
GRB060607A	213823	125.9	0.00000257
GRB060602A	213180	82.62	0.00000161
GRB060510B	209352	300.4	0.00000398
GRB060502B	208275	0.176	4.92E-08
GRB060502A	208169	44.63	0.00000233
GRB060428B	207399	128	0.000000844
GRB060428A	207364	49.77	0.0000014
GRB060223B	192152	12.52	0.0000016
GRB060223A	192059	12.96	0.000000674
GRB060211B	181156	29.76	0.000000445
GRB060211A	181126	146.4	1.58E-06
GRB060204B	180241	195	2.93E-06
GRB060111B	176918	63.72	0.00000163
GRB060111A	176818	18.23	1.20E-06
GRB051221B	173904	49.58	0.00000098
GRB051221A	173780	2.124	0.00000116
GRB051117A	164268	186.1	0.00000442
GRB051109B	163170	18.96	0.000000265
GRB051109A	163136	44.3	0.00000217
GRB051105A	162580	0.068	1.67E-08
GRB051021B	160672	59.33	8.19E-07
GRB051016A	159913	23	0.000000841
GRB050922C	156467	6.8	0.00000162
GRB050922B	156434	249.2	0.00000237
GRB050915B	155284	66.04	3.40E-06
GRB050820B	151334	15.33	2.05E-06
GRB050820A	151207	261.4	0.00000383
GRB050714B	145994	54.76	0.00000063
GRB050713B	145754	177.4	0.00000435
GRB050713A	145675	190.7	0.00000513
GRB050525A	130088	12.8	1.51E-05
GRB050509B	118749	0.028	7.13E-09
GRB050509A	118707	13.04	0.000000338
GRB050502B	116116	20.49	0.000000472
GRB050416B	114797	4.124	1.11E-06
GRB050416A	114753	9.452	0.000000413
GRB050219B	106442	74.16	1.58E-05
GRB050219A	106415	36.21	4.08E-06
GRB050215B	106107	15.44	0.000000235
GRB050215A	106106	71.39	0.000000639
GRB041219C	100380	12	0.00000114
GRB041219B	100368	28.8	0.00000028
