## GRBname 	 Trig_ID 	 15_150kev 	 Exposure_time 	bestmodel
GRB190829A	922968	6.37E-06	59.14	
GRB190828B	922808	4.47E-06	940.7	
GRB190824A	922107	8.36E-06	186.5	
GRB190821A	921722	2.36E-06	62.8	
GRB190816A	920783	9.76E-06	548	
GRB190727B	916733	1.80E-05	60.44	
GRB190719C	915381	5.09E-06	202.4	
GRB190718A	915091	7.21E-28	720	
GRB190706B	913302	6.51E-07	51.58	
GRB190701A	912310	8.64E-07	54.98	
GRB190630C	912239	2.29E-06	52.15	
GRB190630B	912102	2.77E-07	6.388	
GRB190627A	911609	1.18E-07	2.956	
GRB190613B	908329	2.17E-06	178.5	
GRB190613A	908288	1.71E-06	19.7	
GRB190611A	907950	4.57E-07	64.7	
GRB190610A	907754	4.35E-07	0.74	
GRB190604B	906654	1.71E-05	277.8	
GRB190519A	904394	1.83E-05	58.1	
GRB190515B	903845	1.48E-06	57.34	
GRB190512A	903357	1.28E-06	53	
GRB190511A	903158	7.39E-06	31.15	
GRB190427A	900730	1.21E-07	0.32	
GRB190424A	900285	1.21E-06	15.68	
GRB190422A	899979	6.13E-06	353.1	
GRB190331A	895813	4.47E-07	4.56	
GRB190326A	895006	3.88E-08	0.104	
GRB190324A	894718	7.04E-06	58.02	
GRB190320A	893808	2.68E-06	70	
GRB190311A	892607	9.32E-07	24.13	
GRB190220A	889785	9.85E-07	12	
GRB190219A	889748	3.80E-06	194.2	
GRB190211A	888648	5.79E-07	11.42	
GRB190204A	887579	1.25E-05	60.65	
GRB190203A	887512	1.56E-05	286.4	
GRB190202A	887217	6.48E-06	28.22	
GRB190123A	885314	8.26E-07	28.05	
GRB190114C	883832	8.21E-05	708.4	
GRB190114B	883818	5.12E-07	29.06	
GRB190114A	883600	8.03E-07	73.18	
GRB190110A	883012	2.47E-06	11.79	
GRB190109B	882809	4.77E-07	7.568	
GRB190109A	882747	6.16E-06	200.8	
GRB190106A	882252	5.86E-06	96.74	
GRB190103B	881709	1.23E-05	26.61	
GRB181228A	879909	1.04E-05	341.9	
GRB181224A	878911	4.94E-07	15.34	
GRB181213A	876016	1.44E-06	16.35	
GRB181203A	874475	7.71E-07	17.65	
GRB181202A	874334	2.48E-07	7.012	
GRB181126A	873539	3.27E-07	2.232	
GRB181125A	873433	3.30E-07	11.42	
GRB181123B	873186	1.27E-07	0.28	
GRB181110A	871316	9.82E-06	239.1	
GRB181103A	870201	2.85E-07	11.18	
GRB181030A	869494	6.12E-06	439.8	
GRB181027A	868984	2.83E-06	103.9	
GRB181023A	868427	1.31E-06	65.96	
GRB181022A	868312	1.88E-07	9.608	
GRB181020A	867987	8.08E-06	272.7	
GRB181016A	867252	1.88E-06	128.2	
GRB181013A	866783	2.77E-07	105.6	
GRB181010A	866434	6.93E-07	19.26	
GRB181003A	865179	4.94E-07	29.2	
GRB181002A	865036	8.85E-07	72	
GRB180930A	864584	2.03E-07	7.448	
GRB180925A	863421	4.02E-06	108.5	
GRB180924A	863186	1.36E-06	111	
GRB180905A	859421	4.18E-06	205.6	
GRB180904A	859282	2.36E-07	6.276	
GRB180828A	856977	8.79E-06	36	
GRB180823A	855434	7.82E-06	109.6	
GRB180821A	854578	1.46E-06	64	
GRB180818B	853882	2.31E-06	156.3	
GRB180818A	853824	2.58E-07	16.24	
GRB180812A	852903	8.06E-07	17.47	
GRB180809B	852553	7.24E-05	338.4	
GRB180805B	851855	8.63E-07	126.6	
GRB180805A	851829	1.13E-07	1.864	
GRB180728A	850471	3.01E-05	36.76	
GRB180727A	850231	2.94E-07	1.384	
GRB180721A	849018	5.94E-07	49.31	
GRB180720C	848932	2.28E-06	164	
GRB180720B	848890	8.44E-05	531.5	
GRB180718A	848489	3.95E-09	0.1	
GRB180715A	848048	1.26E-07	0.776	
GRB180709A	846868	1.36E-06	223.1	
GRB180706A	846395	2.39E-06	67.09	
GRB180705A	846299	2.04E-06	132.8	
GRB180704A	846088	6.15E-06	22.13	
GRB180630A	845443	1.75E-06	30.38	
GRB180626A	844615	4.87E-06	35.6	
GRB180624A	844192	5.52E-06	549.2	
GRB180623A	844015	1.14E-05	175.9	
GRB180620B	843211	1.02E-05	321.8	
GRB180620A	843122	5.75E-06	44.71	
GRB180618A	842475	6.75E-07	56.38	
GRB180614A	841548	2.10E-07	7.8	
GRB180613A	840853	6.24E-07	57.25	
GRB180602A	835200	1.73E-06	69.62	
GRB180514A	832368	9.01E-07	36.96	
GRB180512A	832119	4.24E-07	26	
GRB180510B	831816	2.12E-06	157	
GRB180510A	831810	6.33E-06	80	
GRB180504A	830822	2.35E-06	178	
GRB180425A	828672	1.18E-06	13.7	
GRB180418A	826428	3.41E-07	7.072	
GRB180411A	824451	1.22E-05	107.7	
GRB180410A	824063	2.39E-06	134	
GRB180407A	823001	1.44E-06	127.7	
GRB180404B	821902	1.18E-05	202.2	
GRB180404A	821881	1.27E-06	46.63	
GRB180402A	821103	1.40E-07	0.212	
GRB180331B	820513	1.65E-06	83.81	
GRB180331A	820347	6.86E-07	48	
GRB180329B	819490	3.47E-06	267.1	
GRB180329A	819301	3.21E-07	40	
GRB180325A	817564	6.39E-06	107.9	
GRB180324A	817345	5.64E-07	9.02	
GRB180316A	814677	4.92E-06	117	
GRB180314B	814305	8.33E-07	63.06	
GRB180314A	814129	1.10E-05	121.6	
GRB180311A	813721	3.33E-07	26.82	
GRB180224A	811561	4.67E-07	15.04	
GRB180222A	811235	9.05E-07	55.81	
GRB180221A	811074	5.70E-07	13	
GRB180205A	808625	1.02E-06	17.91	
GRB180204A	808483	4.79E-07	1.344	
GRB180115A	805318	7.56E-07	43.76	
GRB180113A	804999	4.84E-06	80	
GRB180111A	804692	1.00E-05	69.88	
GRB180103A	803066	2.19E-06	10.02	
GRB180102A	802999	3.48E-07	13.92	
GRB171222A	799669	1.88E-06	202.1	
GRB171216A	797441	4.82E-07	33.92	
GRB171212A	796778	3.34E-06	400	
GRB171211A	796469	2.41E-07	2.608	
GRB171209A	796100	7.27E-06	299.2	
GRB171205A	794972	3.53E-06	240	
GRB171123A	791922	4.76E-07	61.68	
GRB171120A	791201	8.31E-06	80	
GRB171115A	790053	6.69E-07	39.71	
GRB171103A	785850	3.77E-07	5.04	
GRB171102B	785510	9.41E-07	20.78	
GRB171027A	783479	7.75E-06	131.1	
GRB171027A	783479	7.75E-06	131.1	
GRB171020A	780845	1.16E-06	47.62	
GRB171020A	780845	1.16E-06	47.62	
GRB171011A	778154	1.06E-06	2.804	
GRB171010B	778019	3.92E-07	10.09	
GRB171007A	777215	2.64E-07	83.5	
GRB171004A	776347	2.92E-06	126.4	
GRB171001A	775553	5.71E-07	22.17	
GRB170921A	773509	6.67E-07	34.82	
GRB170912B	772052	2.40E-06	40.32	
GRB170912A	772006	1.11E-06	27.52	
GRB170906C	770981	8.99E-06	76.54	
GRB170906B	770958	 N/A 	 N/A 	
GRB170906A	770957	3.31E-05	167.6	
GRB170903A	770528	2.36E-06	35.7	
GRB170827A	769567	1.60E-06	159.7	
GRB170823A	769177	2.58E-06	87.66	
GRB170822A	768939	6.41E-06	80	
GRB170813A	767563	1.90E-06	86.25	
GRB170810A	767284	4.71E-06	182.1	
GRB170807A	766821	8.43E-07	52.67	
GRB170804A	766194	1.32E-06	76.95	
GRB170803A	766081	1.06E-06	4.836	
GRB170728B	765130	1.65E-06	50.62	
GRB170728A	765008	8.27E-08	1.416	
GRB170724A	764204	1.08E-06	109.2	
GRB170714A	762535	2.87E-06	538.6	
GRB170711A	761622	1.40E-06	46.99	
GRB170710B	86619001	2.38E-06	59.2	
GRB170710A	761119	7.65E-07	36.62	
GRB170705A	760064	9.22E-06	310	
GRB170629A	759159	2.61E-06	40.53	
GRB170626A	758766	8.38E-06	39.27	
GRB170607A	756284	7.63E-06	352	
GRB170604A	755867	5.09E-06	30.5	
GRB170531B	755354	1.92E-06	181.3	
GRB170531A	755343	7.51E-07	39.04	
GRB170526A	754549	1.82E-07	8.788	
GRB170524B	753445006	6.65E-06	49.6	
GRB170524A	754322	3.75E-08	0.12	
GRB170519A	753445	1.12E-06	231.5	
GRB170516A	753110	9.55E-07	51.07	
GRB170428A	750298	2.80E-07	0.3	
GRB170419B	748947	1.93E-06	86.95	
GRB170419A	748898	2.99E-07	8.96	
GRB170405A	745797	3.88E-06	185.8	
GRB170331A	744791	1.07E-06	19.94	
GRB170330A	744773	5.51E-06	151.8	
GRB170325A	34941009	8.58E-08	0.392	
GRB170318B	743086	1.33E-07	1.144	
GRB170318A	743065	3.65E-06	167.9	
GRB170317A	742866	1.43E-06	18.61	
GRB170311A	741965	3.05E-07	10	
GRB170307A	741528	1.32E-06	69.89	
GRB170306A	741220	8.58E-07	26.32	
GRB170208B	737463	6.33E-06	177.5	
GRB170208A	737438	1.54E-06	8.096	
GRB170206B	737125	3.17E-07	15.94	
GRB170205A	736843	3.78E-06	47.82	
GRB170203A	736432	6.18E-07	49.02	
GRB170202A	736407	3.34E-06	76.21	
GRB170131A	736107	 N/A 	 N/A 	
GRB170127B	735331	1.04E-07	0.592	
GRB170127A	735326	5.32E-07	73.76	
GRB170126A	735188	2.95E-06	11.65	
GRB170115A	733103	4.69E-07	49.55	
GRB170113A	732526	7.16E-07	23.54	
GRB170112A	732188	1.28E-08	0.06	
GRB170111A	731887	8.16E-07	38.91	
GRB170101A	729293	6.28E-06	10.14	
GRB161224A	728268	9.72E-07	52.72	
GRB161220A	727610	1.84E-07	7.892	
GRB161219B	727541	1.54E-06	8.912	
GRB161218A	727288	7.12E-06	15.9	
GRB161217A	727167	1.98E-07	15.88	
GRB161214B	726885	2.05E-06	31.25	
GRB161202A	725036	8.68E-06	129.2	
GRB161129A	724438	3.59E-06	44.53	
GRB161117B	722642	6.05E-06	163.9	
GRB161117A	722604	2.10E-05	160.4	
GRB161113A	722063	1.54E-06	58.72	
GRB161108A	721234	1.10E-06	128.7	
GRB161105A	720697	6.16E-06	248.1	
GRB161104A	720568	4.25E-08	0.116	
GRB161022A	718655	7.41E-07	7.68	
GRB161017A	718023	5.37E-06	246.7	
GRB161014A	717500	2.21E-06	27	
GRB161011A	716876	2.30E-07	4.868	
GRB161007A	716127	1.32E-06	243	
GRB161004B	715246	8.88E-06	32.47	
GRB161004A	715084	1.03E-07	1.42	
GRB161001A	714404	6.89E-07	3.32	
GRB160927A	713782	1.40E-07	0.56	
GRB160917A	712505	1.22E-06	15.61	
GRB160912A	711914	3.66E-06	244.2	
GRB160905A	711084	1.55E-05	112	
GRB160827A	710050	3.90E-07	19.84	
GRB160826A	709907	4.85E-07	57.76	
GRB160824A	709765	2.52E-06	112.2	
GRB160821B	709357	1.15E-07	0.536	
GRB160821A	709351	7.21E-06	117.8	
GRB160819A	86022006	7.75E-06	47	
GRB160815A	708598	1.46E-06	11.6	
GRB160804A	707231	1.13E-05	222	
GRB160801A	706871	1.74E-07	3.172	
GRB160726A	706052	2.72E-07	0.784	
GRB160716A	704572	1.82E-07	7.16	
GRB160714A	704310	6.87E-08	0.372	
GRB160712A	704155	2.61E-06	54.06	
GRB160709A	703769	4.55E-07	4.8	
GRB160705B	703176	7.26E-07	69.62	
GRB160703A	702699	8.97E-06	79.73	
GRB160630A	702252	1.26E-06	36.3	
GRB160625A	701503	3.31E-06	62.45	
GRB160624A	701288	4.29E-08	0.256	
GRB160623A	  N/A 	 N/A 	 N/A 	
GRB160612A	31791037	9.60E-08	0.184	
GRB160611A	690598	1.78E-06	44.9	
GRB160607A	689597	2.08E-05	58.63	
GRB160601A	688452	6.47E-08	0.144	
GRB160525B	687522	3.14E-08	0.316	
GRB160525A	687492	1.90E-07	64	
GRB160519A	686818	1.17E-06	42.14	
GRB160506A	685245	1.53E-06	345.1	
GRB160504A	685124	7.76E-07	58.59	
GRB160501A	684679	6.12E-07	64	
GRB160425A	684098	2.01E-06	320.3	
GRB160424A	683906	1.25E-06	8.16	
GRB160419A	683383	3.76E-06	13.82	
GRB160417A	683076	5.96E-07	16.02	
GRB160412A	682522	1.94E-06	44.48	
GRB160411A	682339	7.82E-08	0.392	
GRB160410A	682269	1.15E-06	128	
GRB160409A	682162	 N/A 	 N/A 	
GRB160408A	682059	1.60E-07	0.356	
GRB160327A	680655	1.36E-06	49.22	
GRB160325A	680436	7.10E-06	111.1	
GRB160321A	680017	5.37E-07	39.98	
GRB160314A	679120	2.75E-07	9.348	
GRB160313A	678929	5.97E-07	50.26	
GRB160303A	677495	1.48E-07	5.408	
GRB160228A	676595	1.93E-06	119.6	
GRB160227A	676423	3.34E-06	336.4	
GRB160225A	675998	1.58E-06	164.4	
GRB160223A	675361	5.25E-06	188	
GRB160220B	674734	7.06E-06	45.06	
GRB160220A	674670	5.13E-07	9.088	
GRB160216A	673978	2.06E-06	12	
GRB160203A	672525	9.93E-07	19.7	
GRB160131A	672236	2.01E-05	774.5	
GRB160127A	671828	3.64E-07	7.14	
GRB160123A	671447	3.51E-07	5.048	
GRB160121A	671231	6.13E-07	15	
GRB160119A	671014	6.90E-06	167.6	
GRB160117B	670800	3.38E-07	14.45	
GRB160117A	670793	3.18E-06	173	
GRB160104A	669319	4.06E-07	18.96	
GRB151229A	668689	5.85E-07	2.456	
GRB151228B	668641	2.44E-06	64	
GRB151228A	668543	8.34E-08	0.312	
GRB151215A	667392	3.08E-07	18.59	
GRB151210A	666931	1.48E-06	110	
GRB151205B	666378	8.02E-08	1.536	
GRB151205A	666352	1.44E-06	80	
GRB151127A	665268	2.33E-08	0.204	
GRB151122A	664653	4.55E-07	10.05	
GRB151118A	664078	4.72E-07	30.8	
GRB151114A	663490	 N/A 	 N/A 	
GRB151112A	663179	 N/A 	 N/A 	
GRB151111A	663074	 N/A 	 N/A 	
GRB151107A	662757	 N/A 	 N/A 	
GRB151031A	662330	3.37E-07	6	
GRB151029A	662086	4.37E-07	13.22	
GRB151027B	661869	1.47E-06	96	
GRB151027A	661775	7.29E-06	164.1	
GRB151023A	661253	2.66E-07	13.15	
GRB151022A	661036	1.19E-06	133.9	
GRB151021A	660671	2.74E-05	149	
GRB151006A	657750	7.22E-06	316.1	
GRB151004A	657564	1.01E-06	148	
GRB151001B	657321	1.58E-06	158.6	
GRB151001A	657286	6.94E-07	14.06	
GRB150925A	656604	1.37E-06	146.1	
GRB150915A	655721	7.38E-07	176	
GRB150911A	655262	2.22E-06	10.65	
GRB150910A	655097	4.77E-06	151.3	
GRB150907B	654803	1.24E-06	66	
GRB150901A	654042	4.55E-07	80	
GRB150831B	653978	1.38E-06	7.424	
GRB150831A	653838	3.62E-07	1.052	
GRB150821A	652847	8.44E-07	156.5	
GRB150819A	652643	4.70E-07	59.44	
GRB150818A	652603	4.26E-06	201.3	
GRB150817A	652334	5.94E-06	75.5	
GRB150811A	651882	4.82E-07	37.68	
GRB150801B	650977	2.95E-06	464.1	
GRB150728A	650617	3.26E-08	0.96	
GRB150727A	650530	3.61E-06	104.6	
GRB150724A	650141	2.13E-06	326.5	
GRB150722A	649916	5.95E-07	72.08	
GRB150720A	649706	7.75E-07	305.5	
GRB150716A	649157	1.48E-06	51.34	
GRB150711A	648601	4.27E-06	104.3	
GRB150710B	84694006	3.83E-06	33.4	
GRB150710A	648437	7.09E-08	0.208	
GRB150626B	646786	1.04E-06	48	
GRB150626A	646603	1.37E-06	121.7	
GRB150616A	644259	1.96E-05	753.9	
GRB150615A	643833	6.06E-07	39.34	
GRB150607A	642620	2.39E-06	28.13	
GRB150530B	84922008	1.73E-07	3	
GRB150530A	642018	1.77E-06	8.064	
GRB150527A	641698	3.21E-06	124	
GRB150513A	640584	5.64E-06	183.7	
GRB150430A	639433	6.73E-06	119.6	
GRB150428B	639278	3.81E-06	161.8	
GRB150428A	639275	6.32E-06	77.58	
GRB150424A	638946	1.50E-06	95.07	
GRB150423A	638808	6.57E-08	0.232	
GRB150413A	637899	4.27E-06	281	
GRB150407A	637342	 N/A 	 N/A 	
GRB150403A	637044	1.71E-05	228.5	
GRB150402A	636865000	1.45E-07	8.07	
GRB150323C	636005	1.33E-06	189.8	
GRB150323B	635929	3.03E-06	10.11	
GRB150323A	635887	5.60E-06	192.9	
GRB150318A	635289	2.45E-06	119.5	
GRB150317A	635148	6.48E-07	24.43	
GRB150314A	634795	2.25E-05	103.6	
GRB150309A	634200	1.78E-05	316.4	
GRB150302A	633237	2.57E-07	29.38	
GRB150301B	633180	1.98E-06	24.98	
GRB150301A	632995	7.36E-08	0.56	
GRB150222A	632180	2.17E-06	28.05	
GRB150213B	631051	3.21E-06	287	
GRB150212A	630876	9.00E-07	19.78	
GRB150211A	630714	6.60E-06	20.8	
GRB150206A	630019	1.48E-05	411.9	
GRB150204A	84702002	8.79E-07	19	
GRB150203A	629578	9.36E-07	29.53	
GRB150202A	629547	6.24E-07	28.29	
GRB150201A	629302	7.78E-07	30.03	
GRB150120B	627170	5.34E-07	28.18	
GRB150120A	627137	1.44E-07	1.356	
GRB150110B	624606	4.92E-07	11.71	
GRB150103A	623368	9.53E-07	58.62	
GRB150101B	91964035	1.41E-09	0.016	
GRB150101A	623158	3.18E-09	0.068	
GRB141229A	85478004	 N/A 	 N/A 	
GRB141225A	622476	2.81E-06	124.9	
GRB141221A	622006	2.11E-06	44.44	
GRB141220A	621915	2.61E-06	8.204	
GRB141212B	621234	1.19E-06	12.2	
GRB141212A	621229	7.25E-08	0.336	
GRB141205A	620534	1.22E-07	2.624	
GRB141130A	620090	2.77E-06	82.76	
GRB141121A	619182	4.32E-06	552.7	
GRB141109B	618032	8.23E-07	227.2	
GRB141109A	618024	6.66E-06	322.6	
GRB141102A	617316	 N/A 	 N/A 	
GRB141031B	617149	2.48E-07	17.26	
GRB141031A	617110	3.45E-06	910.7	
GRB141026A	616502	1.29E-06	166.9	
GRB141022A	616061	4.75E-07	9.556	
GRB141020A	615873	4.63E-07	18.84	
GRB141017A	615672	3.10E-06	66.8	
GRB141015A	615399	1.59E-07	13	
GRB141005A	614415	1.09E-06	4.176	
GRB141004A	614390	6.68E-07	6.188	
GRB140930B	614094	4.24E-07	0.956	
GRB140927A	613775	2.68E-07	8.268	
GRB140919A	613160	6.19E-06	173.1	
GRB140916A	612804	1.50E-06	79.97	
GRB140909A	612132	 N/A 	 N/A 	
GRB140907A	611933	4.51E-06	144	
GRB140903A	611599	1.35E-07	0.36	
GRB140901B	611389	5.31E-07	4.8	
GRB140828A	610953	1.48E-06	25.02	
GRB140824A	610501	1.83E-07	3.376	
GRB140818B	609885	6.50E-07	35.26	
GRB140817A	609736	4.50E-06	318.9	
GRB140730A	607742	3.01E-07	44.54	
GRB140719B	605700	1.28E-06	65	
GRB140719A	605612	4.52E-07	48	
GRB140716A-2 	604793	3.26E-06	10.1	
GRB140716A-1 	604792	7.94E-07	7.46	
GRB140713A	604232	3.66E-07	6.784	
GRB140710A	603954	2.29E-07	4	
GRB140709B	603866	4.33E-06	219.2	
GRB140709A	603810	5.56E-06	131.7	
GRB140706A	603587	1.95E-06	58.74	
GRB140703A	603243	3.88E-06	137.5	
GRB140629A	602884	2.29E-06	54.85	
GRB140628A	602803	1.33E-06	12.36	
GRB140626A	602604	3.96E-07	17.54	
GRB140622A	602278	1.32E-08	0.152	
GRB140619A	602080	2.12E-05	303.7	
GRB140614B	601662	5.84E-07	58.96	
GRB140614A	601646	1.03E-06	96.82	
GRB140611A	601292	 N/A 	 N/A 	
GRB140610A	601259	5.92E-06	112.4	
GRB140607A	601051	2.10E-06	103.5	
GRB140606A	600951	5.12E-08	0.392	
GRB140529A	91901003	2.26E-06	13.09	
GRB140521A	599546	9.38E-07	11.3	
GRB140518A	599287	1.17E-06	64.02	
GRB140516A	599188	3.01E-08	0.32	
GRB140515A	599037	6.72E-07	25.79	
GRB140512A	598819	1.30E-05	201	
GRB140509A	598497	1.23E-06	26.86	
GRB140506A	598284	2.66E-06	120.4	
GRB140502A	597841	6.75E-07	19.06	
GRB140430A	597722	1.13E-06	177.9	
GRB140428A	597519	3.40E-07	20.02	
GRB140423A	596901	9.37E-06	239	
GRB140419A	596426	1.57E-05	134	
GRB140414A	84568002	1.24E-07	0.532	
GRB140413A	595616	1.14E-05	164.1	
GRB140412A	595608	7.09E-07	48	
GRB140408A	595141	3.26E-07	4.128	
GRB140402A	594308	5.45E-08	1.408	
GRB140331A	594081	7.13E-07	249.1	
GRB140323A	592916	1.57E-05	135.7	
GRB140320A	592544	5.24E-08	0.64	
GRB140318A	592204	2.85E-07	9.432	
GRB140311B	591392	2.21E-07	3.065	
GRB140311A	591390	2.10E-06	76.67	
GRB140305A	590446	5.64E-07	23.89	
GRB140304A	590206	1.13E-06	17.31	
GRB140302A	589685	2.75E-06	116.2	
GRB140301A	589590	4.55E-07	40.8	
GRB140215A	586680	7.24E-06	37.33	
GRB140213A	586569	1.20E-05	87.74	
GRB140211A	586289	1.88E-06	141	
GRB140209A	586071	4.15E-06	27.47	
GRB140206A	585834	1.68E-05	294.4	
GRB140129B	585149	7.08E-08	1.512	
GRB140129A	585128	1.28E-07	3	
GRB140118A	584136	2.56E-06	103	
GRB140114A	583861	3.20E-06	183.1	
GRB140108A	583338	7.14E-06	128.2	
GRB140103A	582773	5.99E-07	19.46	
GRB140102A	582760	7.62E-06	131.4	
GRB131229A	582374	6.89E-06	96	
GRB131227A	582184	8.41E-07	20.42	
GRB131226A	582123	4.02E-06	8.96	
GRB131224B	32923023	2.59E-07	9.616	
GRB131205A	580267	1.89E-07	20.76	
GRB131202A	579982	6.06E-07	37.26	
GRB131128A	579683	3.17E-07	3	
GRB131127A	579571	1.99E-06	111.6	
GRB131120A	578227	6.09E-07	135.4	
GRB131117A	577968	2.98E-07	12.42	
GRB131110A	20326002	3.44E-06	84.8	
GRB131105A	576738	 N/A 	 N/A 	
GRB131103A	576562	8.12E-07	18.54	
GRB131031A	576277	 N/A 	 N/A 	
GRB131030A	576238	2.91E-05	148.9	
GRB131024B	575754	1.46E-06	109.3	
GRB131024A	575707	1.21E-06	128	
GRB131018A	574935	1.09E-06	96.64	
GRB131004A	573190	2.76E-07	2.048	
GRB131002B	572742	7.87E-07	63	
GRB131002A	572721	5.60E-07	59.95	
GRB131001A	82217006	5.57E-07	6	
GRB130929A	572308	7.08E-07	14.34	
GRB130925A	571830	4.03E-05	963	
GRB130919A	571271	1.51E-06	128.2	
GRB130913A	570531	1.26E-07	10.02	
GRB130912A	570465	1.75E-07	0.316	
GRB130907A	569992	1.36E-04	839.5	
GRB130831B	568855	1.46E-06	44.46	
GRB130831A	568849	6.50E-06	43.23	
GRB130829A	568417	1.27E-06	64.04	
GRB130822A	567163	1.22E-08	0.048	
GRB130816B	566561	2.87E-07	11.4	
GRB130816A	566545	4.27E-07	30.64	
GRB130812A	566228	6.27E-07	8.792	
GRB130807A	565651	2.22E-06	326	
GRB130806A	565562	1.66E-07	6.264	
GRB130803A	565263	1.40E-06	45.62	
GRB130727A	564342	3.84E-06	25.46	
GRB130725B	564028	3.75E-07	6.28	
GRB130725A	563980	9.77E-07	113.2	
GRB130722A	563213	1.30E-05	257	
GRB130719A	562625	2.10E-06	164.3	
GRB130716A	561974	3.29E-07	106.7	
GRB130708A	560515	1.14E-06	8.448	
GRB130701A	559482	4.51E-06	6.492	
GRB130627B	559139	8.25E-07	64	
GRB130627A	559132	7.66E-07	20.32	
GRB130626A	559075	6.02E-08	0.192	
GRB130625A	558982	1.86E-06	57.76	
GRB130623A	32867001	8.31E-07	19.98	
GRB130615A	558271	2.29E-06	361.3	
GRB130612A	557976	2.81E-07	4	
GRB130610A	557845	2.53E-06	69.48	
GRB130609B	557828	1.64E-05	317.7	
GRB130609A	557782	5.74E-07	8.464	
GRB130608A	557771	8.90E-07	156.9	
GRB130606A	557589	2.76E-06	298.3	
GRB130605A	557508	2.28E-06	13.82	
GRB130604A	557354	1.54E-06	96.21	
GRB130603B	557310	6.27E-07	0.252	
GRB130603A	557274	1.90E-06	125.8	
GRB130529A	556930	1.26E-06	110.3	
GRB130528A	556870	5.68E-06	720	
GRB130527A	556753	1.33E-05	176	
GRB130521A	556344	4.25E-07	13.28	
GRB130518B	556105	5.95E-07	6.479	
GRB130518A	556113	 N/A 	 N/A 	
GRB130515A	555880	1.50E-07	0.368	
GRB130514A	555821	9.00E-06	280.7	
GRB130511A	555600	1.74E-07	2.904	
GRB130508A	555413	6.14E-07	48.58	
GRB130505A	555163	3.47E-06	339.7	
GRB130504A	555096	1.19E-06	130.7	
GRB130502A	554996	4.31E-07	10.4	
GRB130427B	554635	1.45E-06	30.11	
GRB130427A	554620	3.73E-04	711.2	
GRB130420B	553996	7.18E-07	20.66	
GRB130420A	553977	7.59E-06	203.1	
GRB130419A	553918	8.44E-07	139.4	
GRB130418A	553847	1.77E-06	313.1	
GRB130408A	553132	1.67E-06	4.656	
GRB130327A	552063	2.27E-07	8.04	
GRB130315A	551126	4.53E-06	266.4	
GRB130313A	550906	2.95E-08	0.204	
GRB130306A	550457	2.97E-05	313.6	
GRB130305A	550329	 N/A 	 N/A 	
GRB130216B	548918	2.15E-06	10.01	
GRB130216A	548927	3.05E-06	10.47	
GRB130215A	548760	5.40E-06	79.55	
GRB130211A	548276	6.52E-07	35.72	
GRB130206A	547918	1.97E-06	156	
GRB130131B	547420	3.38E-07	4.648	
GRB130131A	547407	3.06E-07	53.02	
GRB130122A	546731	8.35E-07	89.09	
GRB130102A	544784	8.38E-07	169	
GRB121229A	544347	8.40E-07	146.5	
GRB121226A	544027	1.42E-07	1.16	
GRB121217A	542441	6.17E-06	801.5	
GRB121212A	541371	1.39E-07	8.112	
GRB121211A	541200	1.27E-06	197.1	
GRB121209A	540964	2.87E-06	46.88	
GRB121202A	540255	1.13E-06	21.19	
GRB121201A	540178	7.20E-07	46	
GRB121128A	539866	6.10E-06	41.69	
GRB121125A	539563	4.60E-06	86.82	
GRB121123A	539358	1.32E-05	425.5	
GRB121117A	538696	1.08E-06	29.6	
GRB121108A	537921	9.54E-07	138.2	
GRB121102A	537266	2.05E-06	75.21	
GRB121031A	537195	7.95E-06	307.3	
GRB121028A	536897	3.35E-07	3.284	
GRB121027A	536831	2.20E-06	144.7	
GRB121024A	536580	1.10E-06	82.37	
GRB121017A	536172	6.56E-07	5.28	
GRB121014A	535960	1.07E-06	80	
GRB121011A	535764	2.33E-06	117	
GRB121001A	535026	1.71E-06	170.7	
GRB120927A	534815	2.48E-06	69.07	
GRB120923A	534402	3.89E-07	29.57	
GRB120922A	534394	5.52E-06	238.3	
GRB120918A	534015	3.09E-06	26.78	
GRB120913B	533613	1.11E-05	162.5	
GRB120913A	533568	8.80E-07	40.52	
GRB120911A	533268	1.06E-06	25.72	
GRB120909A	533060	7.50E-06	598.2	
GRB120907A	532871	5.88E-07	6.96	
GRB120819A	531428	1.40E-06	78.59	
GRB120817B	531259	 N/A 	 N/A 	
GRB120817A	531267	6.92E-07	33.02	
GRB120816A	531223	3.73E-07	4.784	
GRB120815A	531003	4.92E-07	12.21	
GRB120811C	530689	3.05E-06	41.06	
GRB120811A	530581	7.53E-07	36.38	
GRB120807A	530267	2.92E-07	24.4	
GRB120805A	530031	8.41E-07	48	
GRB120804A	529686	8.78E-07	0.996	
GRB120803B	529606	1.91E-06	54.73	
GRB120803A	529582	2.81E-07	9.992	
GRB120802A	529486	1.74E-06	63.63	
GRB120729A	529095	2.51E-06	144.9	
GRB120728A	529021	2.39E-06	24.18	
GRB120724A	528443	8.00E-07	98.63	
GRB120722A	528195	1.33E-06	42.94	
GRB120714B	526642	1.25E-06	175.4	
GRB120714A	526593	8.91E-07	24	
GRB120712A	526351	1.84E-06	21.1	
GRB120711B	526270	5.87E-07	63.49	
GRB120703A	525671	3.79E-06	77.1	
GRB120701A	525477	1.45E-06	15.37	
GRB120630A	525451	6.02E-08	0.64	
GRB120624B	525068	2.96E-05	207.9	
GRB120612A	524128	1.30E-06	108.4	
GRB120521C	522656	1.20E-06	32.9	
GRB120521B	522586	2.07E-06	169.7	
GRB120521A	522578	7.86E-08	0.576	
GRB120514A	522197	2.80E-06	174.3	
GRB120422A	520658	3.22E-07	62.4	
GRB120404A	519380	1.58E-06	45.76	
GRB120403B	519256	2.08E-07	8.288	
GRB120403A	519211	1.07E-07	1.592	
GRB120401A	519043	9.21E-07	145.7	
GRB120328A	518792	4.76E-07	37.81	
GRB120327A	518731	3.57E-06	90.36	
GRB120326A	518626	2.67E-06	90.58	
GRB120324A	518507	1.00E-05	293	
GRB120320A	518200	6.16E-07	29.87	
GRB120312A	517566	5.67E-07	17.34	
GRB120311B	517489	1.04E-06	37.7	
GRB120311A	517469	2.96E-07	4.604	
GRB120308A	517234	1.17E-06	82.96	
GRB120305A	516997	1.99E-07	0.128	
GRB120302A	516694	3.70E-07	8.247	
GRB120229A	516571	4.14E-08	0.276	
GRB120224A	515976	2.16E-07	8	
GRB120219A	515375	6.83E-07	98.19	
GRB120218A	515277	 N/A 	 N/A 	
GRB120215A	515015	2.55E-07	9.976	
GRB120213A	514767	1.86E-06	80.77	
GRB120212A	514709	4.75E-07	6	
GRB120211A	514586	8.62E-07	73.98	
GRB120121A	512164	1.12E-06	30.78	
GRB120119A	512035	1.70E-05	227	
GRB120118B	512003	1.75E-06	29.4	
GRB120116A	511866	3.25E-06	60.01	
GRB120114A	511739	7.73E-07	8.101	
GRB120106A	511235	9.91E-07	68.92	
GRB120102A	510922	4.32E-06	53.17	
GRB111229A	510736	3.36E-07	27.23	
GRB111228A	510649	8.27E-06	128.2	
GRB111225A	510341	1.26E-06	121.3	
GRB111215A	509717	2.71E-06	409.4	
GRB111212A	509543	1.39E-06	68.42	
GRB111210A	509419	1.64E-07	2.688	
GRB111209A	509337	3.65E-05	979.7	
GRB111208A	509285	9.59E-07	10.08	
GRB111207A	509245	1.66E-07	10.09	
GRB111204A	509018	4.70E-07	48	
GRB111201A	508800	4.45E-07	9.498	
GRB111129A	508712	1.82E-07	8.984	
GRB111126A	48079001	6.69E-08	0.712	
GRB111123A	508319	7.10E-06	490	
GRB111121A	508161	2.14E-06	138.6	
GRB111117A	507901	1.45E-07	0.496	
GRB111109A	507342	2.43E-07	14	
GRB111107A	507185	9.12E-07	37.55	
GRB111103B	506903	7.91E-06	257.3	
GRB111103A	506902	1.40E-06	12.56	
GRB111029A	506519	4.22E-07	8.472	
GRB111026A	506291	1.67E-07	4.132	
GRB111022B	506074	8.98E-07	106.8	
GRB111022A	506070	2.07E-06	35.28	
GRB111020A	505926	6.30E-08	0.432	
GRB111018A	505801	4.01E-07	41.38	
GRB111016A	505646	3.90E-06	583.1	
GRB111008A	505054	5.20E-06	71.42	
GRB111005A	504779	5.75E-07	28.1	
GRB110928A	504215	7.02E-07	28.96	
GRB110921A	503652	2.17E-06	37.61	
GRB110915A	503219	5.85E-06	104.7	
GRB110827A	501520	1.80E-07	9.172	
GRB110820A	501095	8.17E-07	274.4	
GRB110818A	500914	3.99E-06	131.6	
GRB110808A	458918	3.69E-07	45.04	
GRB110801A	458521	4.56E-06	409.1	
GRB110731A	458448	5.94E-06	81.33	
GRB110726A	458059	2.45E-07	5.876	
GRB110719A	457553	1.91E-06	56.08	
GRB110715A	457330	1.20E-05	24	
GRB110709B	456967	2.34E-05	881.6	
GRB110709A	456939	9.97E-06	60.77	
GRB110625A	456073	2.81E-05	146.5	
GRB110610A	455155	4.86E-06	70.49	
GRB110604A	454779	 N/A 	 N/A 	
GRB110530A	454473	4.85E-07	66.24	
GRB110521A	453788	6.71E-07	108	
GRB110520A	453747	1.16E-06	27.65	
GRB110519A	453628	3.97E-06	41.91	
GRB110503A	452685	1.13E-05	210.2	
GRB110422A	451901	3.87E-05	47.92	
GRB110420B	451794	5.50E-08	0.104	
GRB110420A	451757	6.43E-06	21.92	
GRB110414A	451343	3.48E-06	171.3	
GRB110412A	451191	1.79E-06	27.23	
GRB110411A	451165	3.48E-06	103.2	
GRB110407A	450884	1.90E-06	181.4	
GRB110402A	450545	3.24E-06	62.91	
GRB110319B	449578001	1.35E-06	35.7	
GRB110319A	449578	1.60E-06	31.32	
GRB110318B	449549	2.87E-07	5.38	
GRB110318A	449542	5.11E-06	23.59	
GRB110315A	449399	4.08E-06	105.6	
GRB110312A	449074	8.12E-07	40.05	
GRB110305A	448229	7.98E-07	13	
GRB110223B	446677	6.11E-07	65.1	
GRB110223A	446674	1.67E-07	8	
GRB110213A	445414	5.97E-06	64	
GRB110212A	445321	2.64E-07	4.352	
GRB110210A	445141	8.80E-07	210.9	
GRB110208A	445038	2.32E-07	19.07	
GRB110207A	444912	1.53E-06	95.88	
GRB110205A	444643	1.58E-05	507.4	
GRB110201A	444230	7.14E-07	17.28	
GRB110128A	443861	5.78E-07	16.56	
GRB110119A	442978	7.27E-06	326	
GRB110112A	442039	2.97E-08	0.576	
GRB110107A	90978002	5.60E-06	86	
GRB110106B	441676	2.05E-06	53.95	
GRB110106A	441664	2.38E-07	3	
GRB110102A	441454	1.58E-05	353.8	
GRB101225A	441015	2.10E-06	1142	
GRB101224A	440955	5.64E-08	0.272	
GRB101219B	440635	2.59E-06	49.15	
GRB101219A	440606	4.34E-07	1.124	
GRB101213A	440285	4.99E-06	200	
GRB101204A	439806	 N/A 	 N/A 	
GRB101201A	439596	 N/A 	 N/A 	
GRB101129A	439471	1.31E-07	0.624	
GRB101117B	438675	1.10E-06	8.276	
GRB101114A	438392	4.39E-07	3.501	
GRB101030A	437408	2.99E-06	124.2	
GRB101024A	437016	1.53E-06	20.38	
GRB101023A	436981	2.64E-05	149.6	
GRB101020A	436737	2.56E-06	208.6	
GRB101017A	436429	1.75E-05	136.1	
GRB101011A	436094	1.38E-06	87.45	
GRB101008A	435903	1.15E-06	109.2	
GRB100928A	435160	3.91E-07	4.72	
GRB100924A	434843	8.07E-06	89	
GRB100917A	434360	8.52E-07	68.44	
GRB100915A	434178	1.50E-06	222.1	
GRB100906A	433509	1.19E-05	130.7	
GRB100905A	433442	1.73E-07	3.78	
GRB100904A	433273	1.27E-06	38.08	
GRB100902A	433160	3.22E-06	459.1	
GRB100901A	433065	1.95E-06	460.8	
GRB100823A	432420	4.11E-07	20.58	
GRB100816A	431764	1.98E-06	5.228	
GRB100814A	431605	8.85E-06	247.8	
GRB100807A	431128	3.36E-07	9.216	
GRB100805A	430957	5.07E-07	18.46	
GRB100802A	430603	3.47E-06	535.1	
GRB100728B	430172	1.67E-06	14.94	
GRB100728A	430151	3.73E-05	412.6	
GRB100727A	430094	1.20E-06	104.4	
GRB100725B	429969	6.54E-06	230.1	
GRB100725A	429954	2.07E-06	174.2	
GRB100724A	429868	1.61E-07	1.564	
GRB100719A	429357	5.29E-07	39	
GRB100704A	426722	5.85E-06	264.6	
GRB100702A	426438	1.44E-07	0.512	
GRB100628A	426114	2.11E-08	0.04	
GRB100625A	425647	2.34E-07	0.396	
GRB100621A	425151	2.06E-05	210.4	
GRB100619A	424998	4.41E-06	109.5	
GRB100615A	424733	4.92E-06	47.45	
GRB100614A	424716	2.65E-06	291	
GRB100606A	424031	5.62E-06	83.19	
GRB100526B	423184	5.33E-07	74	
GRB100526A	423181	2.47E-06	114	
GRB100522A	422783	2.06E-06	64	
GRB100514A	421962	3.99E-07	29.98	
GRB100513A	421814	1.43E-06	105	
GRB100508A	421386	7.50E-07	59.91	
GRB100504A	421124	2.34E-06	112.2	
GRB100427A	420547	2.50E-07	8.064	
GRB100425A	420398	4.64E-07	41.49	
GRB100424A	420367	1.50E-06	125	
GRB100423A	420247	8.83E-06	96.62	
GRB100420A	419932	4.96E-07	69.35	
GRB100418A	419797	3.46E-07	9.416	
GRB100413B	419380	4.31E-07	8.449	
GRB100413A	419404	6.18E-06	226.5	
GRB100401A	417974	3.86E-07	3	
GRB100324A	416945	7.52E-08	6.4	
GRB100322B	416771	4.64E-08	1	
GRB100316D	416135	3.28E-06	953.7	
GRB100316C	416115	1.82E-07	9.932	
GRB100316B	416103	1.98E-07	4.396	
GRB100316A	416076	8.22E-07	7.968	
GRB100305A	414905	1.58E-06	87.36	
GRB100302A	414592	3.16E-07	19.65	
GRB100224A	413805	3.40E-08	0.484	
GRB100219A	412982	4.65E-07	39.03	
GRB100216A	412522	2.64E-08	0.272	
GRB100213B	412220	1.22E-06	117.2	
GRB100213A	412217	2.68E-07	2.552	
GRB100212A	412081	1.14E-06	178.2	
GRB100206A	411412	1.39E-07	0.132	
GRB100205A	411248	3.64E-07	29.86	
GRB100203A	411011	2.42E-07	9.67	
GRB100119A	383063	1.38E-05	31.21	
GRB100117A	382941	9.35E-08	0.324	
GRB100115A	377179049	 N/A 	 N/A 	
GRB100111A	382399	6.77E-07	18	
GRB091221 	380311	5.61E-06	84.67	
GRB091208B	378559	3.20E-06	19.5	
GRB091208A	378554	1.80E-06	96	
GRB091130B	377487	1.46E-06	156	
GRB091127 	377179	8.58E-06	7.568	
GRB091117 	376211	2.49E-07	0.96	
GRB091112 	375659	2.09E-06	25.24	
GRB091109B	375409	1.95E-07	0.336	
GRB091109A	375246	1.64E-06	52.59	
GRB091104 	374875	7.62E-07	122	
GRB091102 	374598	5.24E-07	7.412	
GRB091029 	374210	2.51E-06	61.97	
GRB091026 	373871	2.03E-06	220	
GRB091024 	373674	5.98E-06	150.2	
GRB091020 	373458	3.80E-06	56.74	
GRB091018 	373172	1.52E-06	8.016	
GRB090929B	371050	5.82E-06	380.7	
GRB090929A	75259002	2.18E-06	52.13	
GRB090927 	370846	1.98E-07	2.416	
GRB090926B	370791	7.54E-06	152	
GRB090916 	362818	9.39E-07	68.56	
GRB090915 	362785	8.16E-07	7.824	
GRB090912 	362633	4.76E-06	162.1	
GRB090904B	361831	1.27E-05	80	
GRB090904A	361830	3.01E-06	156.9	
GRB090831C	361489	3.80E-07	80.77	
GRB090827 	361029	 N/A 	 N/A 	
GRB090823 	36390005	1.92E-07	16	
GRB090815C	360068	4.44E-08	0.704	
GRB090814A	359951	1.25E-06	87.33	
GRB090813 	359884	1.33E-06	8.128	
GRB090812 	359711	5.73E-06	119.3	
GRB090809A	359530	3.65E-07	9.968	
GRB090807A	359378	2.18E-06	160.9	
GRB090728 	358574	1.09E-06	80	
GRB090727 	358520	1.41E-06	320.2	
GRB090726 	358422	7.86E-07	65.44	
GRB090720A	357811	 N/A 	 N/A 	
GRB090715B	357512	5.65E-06	304	
GRB090715A	357498	9.54E-07	64	
GRB090712 	357072	3.88E-06	272.6	
GRB090709B	356912	1.47E-06	33.17	
GRB090709A	356890	2.53E-05	168.8	
GRB090708 	356776	5.00E-07	9.38	
GRB090628 	355942	7.02E-07	29.08	
GRB090621B	355359	7.32E-08	0.172	
GRB090621A	355303	2.93E-06	272.8	
GRB090618 	355083	1.09E-04	218.6	
GRB090607 	354299	1.14E-07	2.428	
GRB090531B	353728	6.13E-07	55.88	
GRB090531A	353627	1.64E-06	60.15	
GRB090530 	353567	1.09E-06	48.55	
GRB090529A	353540	1.04E-06	79.88	
GRB090520 	352671	3.07E-07	9.049	
GRB090519 	352648	1.18E-06	67.29	
GRB090518 	352420	6.55E-07	95.81	
GRB090516A	352190	9.21E-06	233.3	
GRB090515 	352108	2.23E-08	0.048	
GRB090510 	351588	6.17E-07	6.352	
GRB090509 	351525	3.31E-06	361.1	
GRB090429B	350854	3.73E-07	6.94	
GRB090429A	350853	1.09E-06	217	
GRB090426 	350479	1.85E-07	1.372	
GRB090424 	350311	2.21E-05	103.2	
GRB090423 	350184	6.85E-07	12.41	
GRB090422 	349931	2.37E-07	8.888	
GRB090419 	349592	2.67E-06	527.4	
GRB090418B	90078001	1.65E-05	89	
GRB090418A	349510	4.66E-06	69.41	
GRB090417B	349450	2.18E-06	309.4	
GRB090417A	349447	1.47E-08	0.084	
GRB090410 	348929	5.85E-06	188.7	
GRB090407 	348650	1.14E-06	347	
GRB090404 	348428	3.12E-06	129.8	
GRB090401B	348152	1.07E-05	326.3	
GRB090401A	348128	1.12E-05	177	
GRB090313 	346386	1.51E-06	96.06	
GRB090309A	345945	1.37E-07	3	
GRB090308A	345777	2.21E-07	28.76	
GRB090307A	345551	2.67E-07	24	
GRB090306B	31369001	3.24E-06	26	
GRB090305A	345127	9.08E-08	0.624	
GRB090301A	344582	2.41E-05	90.14	
GRB090205 	342121	2.03E-07	9.544	
GRB090201 	341749	2.95E-05	86.14	
GRB090129 	341504	2.21E-06	26.93	
GRB090123 	340895	2.91E-06	172.7	
GRB090118 	31292054	4.76E-07	15.24	
GRB090113 	339852	7.75E-07	10.87	
GRB090111 	339696	6.66E-07	28.92	
GRB090107A	339295	2.30E-07	12.59	
GRB090102 	338895	7.06E-06	37.01	
GRB081230 	338633	8.59E-07	76.86	
GRB081228 	338338	9.27E-08	3	
GRB081226A	338177	9.11E-08	0.504	
GRB081222 	337914	5.22E-06	65	
GRB081221 	337889	1.94E-05	112.6	
GRB081211B	90053089	4.34E-07	70.4	
GRB081211A	337115	1.30E-07	3.832	
GRB081210 	337073	1.85E-06	155.8	
GRB081203B	336489000	2.78E-06	113.2	
GRB081203A	336489	7.83E-06	474	
GRB081128 	335895	2.55E-06	131.6	
GRB081127 	335715	4.02E-07	19.25	
GRB081126 	335647	3.45E-06	78.44	
GRB081121 	335105	5.08E-06	19.76	
GRB081118 	334877	1.18E-06	69.95	
GRB081109A	334112	4.00E-06	380.5	
GRB081105A	333811	 N/A 	 N/A 	
GRB081104 	333666	2.10E-06	81	
GRB081102 	333427	2.27E-06	65.89	
GRB081101 	333320	7.19E-08	0.22	
GRB081029 	332931	2.14E-06	306.5	
GRB081028A	332851	3.95E-06	367.7	
GRB081025 	35650186	1.88E-06	25.17	
GRB081024A	332516	1.27E-07	1.924	
GRB081022 	332399	2.59E-06	218.7	
GRB081017 	331964	1.43E-06	318.4	
GRB081016B	331856	1.08E-07	2.976	
GRB081012 	331475	1.12E-06	32.78	
GRB081011 	331332	2.05E-07	18.24	
GRB081008 	331093	4.25E-06	261.8	
GRB081007 	330856	7.61E-07	15.49	
GRB080928 	326115	2.43E-06	266.7	
GRB080919 	325268	7.25E-08	0.668	
GRB080916B	324907	6.38E-07	38.33	
GRB080916A	324895	4.33E-06	91.04	
GRB080915B	324805	1.10E-06	6.68	
GRB080915A	324744	2.91E-07	29.39	
GRB080913 	324561	5.72E-07	8.328	
GRB080906 	323984	3.65E-06	214.6	
GRB080905B	323898	1.81E-06	150.4	
GRB080905A	323870	1.41E-07	1.088	
GRB080903 	323542	1.58E-06	78.55	
GRB080822B	321376	1.86E-07	64	
GRB080810 	319584	4.64E-06	127	
GRB080805 	319036	2.65E-06	138	
GRB080804 	319016	3.79E-06	113.2	
GRB080802 	318832	1.35E-06	206.3	
GRB080727C	318170	5.43E-06	113.5	
GRB080727B	318101	3.20E-06	9.74	
GRB080727A	318094	1.34E-07	5.328	
GRB080725 	317888	3.85E-06	155.5	
GRB080723A	317662	3.43E-07	18.94	
GRB080721 	317508	1.55E-05	370.4	
GRB080714 	316910	2.55E-06	36.02	
GRB080710 	316534	1.53E-06	162.8	
GRB080707 	316204	6.26E-07	33.09	
GRB080703 	315819	2.08E-07	3.912	
GRB080702B	315630003	5.19E-07	18.29	
GRB080702A	315710	3.80E-08	0.576	
GRB080701 	315615	7.41E-07	25.19	
GRB080623 	315080	1.06E-06	16.64	
GRB080613B	313954	5.72E-06	135.1	
GRB080607 	313417	2.47E-05	161.8	
GRB080605 	313299	1.35E-05	28.11	
GRB080604 	313116	7.89E-07	86.87	
GRB080603B	313087	2.58E-06	68.37	
GRB080602 	312958	3.26E-06	80.73	
GRB080524 	312277	2.49E-07	6.4	
GRB080523 	312242	7.67E-07	48	
GRB080520 	312047	5.89E-08	3.636	
GRB080517 	311874	5.87E-07	69.15	
GRB080516 	311762	2.67E-07	5.972	
GRB080515 	311658	2.58E-06	27.73	
GRB080506 	311159	1.30E-06	169.8	
GRB080503 	310785	2.04E-06	224	
GRB080430 	310613	1.17E-06	17.66	
GRB080426 	310219	3.75E-07	2.236	
GRB080413B	309111	3.36E-06	12	
GRB080413A	309096	3.52E-06	50.42	
GRB080411 	309010	2.65E-05	77.55	
GRB080409 	308812	6.24E-07	23.51	
GRB080405 	308549	1.35E-06	9.471	
GRB080330 	308041	2.94E-07	62.67	
GRB080328 	307931	9.51E-06	122.9	
GRB080325 	307604	5.01E-06	203.4	
GRB080320 	306858	2.83E-07	15.52	
GRB080319D	306793	3.23E-07	29.49	
GRB080319C	306778	3.51E-06	43.75	
GRB080319B	306757	8.55E-05	248	
GRB080319A	306754	4.45E-06	49.38	
GRB080315 	306323	1.38E-07	64	
GRB080310 	305288	2.31E-06	390.2	
GRB080307 	305011	9.27E-07	141	
GRB080303 	304549	6.68E-07	73.79	
GRB080229A	304379	9.10E-06	96	
GRB080218B	303631	6.17E-07	7.424	
GRB080218A	303609	6.19E-07	25.1	
GRB080212 	303105	3.29E-06	140.3	
GRB080210 	302888	1.80E-06	60.29	
GRB080207 	302728	6.40E-06	327.7	
GRB080205 	302506	2.03E-06	115.5	
GRB080130 	74372007	8.38E-07	67.2	
GRB080129 	301981	8.39E-07	55.89	
GRB080123 	301578	5.55E-07	121.1	
GRB080121 	301491	3.32E-08	0.496	
GRB071227 	299787	4.94E-07	150.7	
GRB071129 	297628	3.67E-06	470.7	
GRB071122 	297114	6.16E-07	85.1	
GRB071118 	296856	6.64E-07	119	
GRB071117 	296805	2.47E-06	14.32	
GRB071112C	296504	 N/A 	 N/A 	
GRB071112B	296503	4.75E-08	0.32	
GRB071101 	295779	7.02E-08	5.176	
GRB071031 	295670	8.98E-07	197	
GRB071028B	295492	 N/A 	 N/A 	
GRB071028A	295527	3.00E-07	29.64	
GRB071025 	295301	7.32E-06	398.8	
GRB071021 	294974	1.36E-06	284.3	
GRB071020 	294835	2.34E-06	10.58	
GRB071018 	294645	1.04E-06	296.2	
GRB071013 	294120	3.95E-07	77.95	
GRB071011 	293924	2.36E-06	87.12	
GRB071010C	293804	 N/A 	 N/A 	
GRB071010B	293795	4.62E-06	59.57	
GRB071010A	293707	2.02E-07	7.02	
GRB071008 	293587	2.50E-07	24.58	
GRB071006 	293250	 N/A 	 N/A 	
GRB071003 	292934	8.35E-06	175.2	
GRB071001 	292826	7.86E-07	61.84	
GRB070923 	292004	3.86E-08	0.044	
GRB070920B	291728	8.11E-07	27.47	
GRB070920A	291614	5.15E-07	59.64	
GRB070917 	291292	2.12E-06	15.23	
GRB070913 	290843	1.69E-07	2.876	
GRB070911 	290624	1.27E-05	231.1	
GRB070810B	287409	1.64E-08	0.084	
GRB070810A	287364	6.72E-07	12.74	
GRB070809 	287344	1.02E-07	1.472	
GRB070808 	287260	1.29E-06	69.89	
GRB070805 	287088	7.08E-07	29.51	
GRB070802 	286809	2.79E-07	17.96	
GRB070731 	286574	1.67E-07	3.128	
GRB070729 	286373	1.03E-07	1.144	
GRB070724A	285948	3.09E-08	0.488	
GRB070721B	285654	3.56E-06	366.6	
GRB070721A	285653	7.30E-08	3.568	
GRB070714B	284856	7.39E-07	75.43	
GRB070714A	284850	1.55E-07	3	
GRB070704 	283791	5.91E-06	458.1	
GRB070628 	283320	3.56E-06	47.92	
GRB070621 	282808	4.40E-06	41.66	
GRB070616 	282445	1.97E-05	608.9	
GRB070612B	282073	1.82E-06	24	
GRB070612A	282066	1.08E-05	422.6	
GRB070611 	282003	4.03E-07	16	
GRB070531 	280958	1.09E-06	48.75	
GRB070529 	280706	2.48E-06	118.5	
GRB070521 	279935	8.21E-06	64.27	
GRB070520B	279898	1.07E-06	112	
GRB070520A	279817	3.81E-07	48	
GRB070518 	279592	1.67E-07	6.288	
GRB070517 	279494	2.19E-07	8.528	
GRB070509 	278903	1.88E-07	9.3	
GRB070508 	278854	2.01E-05	48.74	
GRB070506 	278693	2.30E-07	7.4	
GRB070429B	277582	6.52E-08	0.536	
GRB070429A	277571	9.36E-07	194	
GRB070427 	277356	7.31E-07	13.87	
GRB070420 	276321	1.45E-05	129.4	
GRB070419B	276212	7.44E-06	324.1	
GRB070419A	276205	6.67E-07	192	
GRB070412 	275119	4.82E-07	35.74	
GRB070411 	275087	2.69E-06	157.4	
GRB070406 	274153	3.21E-08	1.28	
GRB070330 	273180	2.10E-07	7.12	
GRB070328 	272773	9.15E-06	141.1	
GRB070326 	271019007	6.90E-07	22	
GRB070318 	271019	2.62E-06	172.5	
GRB070306 	263361	5.46E-06	304.1	
GRB070227 	262347	 N/A 	 N/A 	
GRB070224 	261880	3.70E-07	64	
GRB070223 	261664	1.79E-06	144	
GRB070220 	261299	1.06E-05	256.2	
GRB070219 	261132	3.30E-07	21	
GRB070209 	259803	2.04E-08	0.084	
GRB070208 	259714	5.18E-07	64	
GRB070129 	258408	3.00E-06	504.5	
GRB070126 	257741	1.62E-07	64	
GRB070125 	  N/A 	 N/A 	 N/A 	
GRB070110 	255445	1.63E-06	110.9	
GRB070107 	255029	5.36E-06	485.8	
GRB070103 	254532	3.29E-07	19.52	
GRB061222B	252593	2.27E-06	49.78	
GRB061222A	252588	8.51E-06	216	
GRB061218 	251863	4.31E-08	4.096	
GRB061217 	251634	4.27E-08	0.256	
GRB061210 	243690	1.09E-06	89.4	
GRB061202 	241963	3.45E-06	148.3	
GRB061201 	241840	3.41E-07	0.852	
GRB061126 	240766	6.65E-06	95.42	
GRB061121 	239899	1.39E-05	122.1	
GRB061110B	238174	1.35E-06	149.2	
GRB061110A	238108	1.13E-06	53.68	
GRB061102 	236430	2.76E-07	49.8	
GRB061028 	235715	9.54E-07	119.4	
GRB061027 	235645	2.89E-07	64	
GRB061021 	234905	3.01E-06	64.97	
GRB061019 	234516	2.36E-06	184.4	
GRB061007 	232683	4.50E-05	252.3	
GRB061006 	232585	1.43E-06	161	
GRB061004 	232339	5.69E-07	7.872	
GRB061002 	231974	6.91E-07	19.22	
GRB060929 	231702	8.66E-07	560.8	
GRB060927 	231362	1.21E-06	24.74	
GRB060926 	231231	2.32E-07	10.23	
GRB060923C	230711	1.57E-06	79.79	
GRB060923B	230702	4.90E-07	9.956	
GRB060923A	230662	9.77E-07	63.72	
GRB060919 	230115	5.41E-07	9.948	
GRB060912A	229185	1.36E-06	6.676	
GRB060908 	228581	2.88E-06	28.49	
GRB060906 	228316	2.29E-06	50.1	
GRB060904B	228006	1.71E-06	214.2	
GRB060904A	227996	7.83E-06	133.6	
GRB060825 	226382	1.01E-06	10.62	
GRB060814 	224552	1.48E-05	230	
GRB060813 	224364	5.61E-06	36.44	
GRB060807 	223217	8.64E-07	66.53	
GRB060805A	222683	7.31E-08	5.744	
GRB060804 	222546	5.33E-07	19.61	
GRB060801 	222154	8.05E-08	0.548	
GRB060729 	221755	2.61E-06	127.6	
GRB060728 	221627	2.23E-07	64	
GRB060719 	220020	1.53E-06	84.96	
GRB060717 	219646	6.58E-08	3	
GRB060714 	219101	2.88E-06	134.2	
GRB060712 	218582	1.42E-06	38.14	
GRB060708 	217805	4.99E-07	14.44	
GRB060707 	217704	1.70E-06	74.4	
GRB060614 	214805	2.08E-05	180.6	
GRB060607B	213934	1.65E-06	37.85	
GRB060607A	213823	2.57E-06	125.9	
GRB060605 	213630	7.11E-07	85.28	
GRB060604 	213486	3.76E-07	96	
GRB060602A	213180	1.61E-06	82.62	
GRB060526 	211957	1.29E-06	310.5	
GRB060522 	211117	1.13E-06	77.16	
GRB060516 	210254	8.58E-07	144	
GRB060515 	210084	1.44E-06	57.28	
GRB060512 	209755	2.31E-07	9.288	
GRB060510B	209352	3.98E-06	300.4	
GRB060510A	209351	 N/A 	 N/A 	
GRB060507 	208870	4.52E-06	203.4	
GRB060505 	208654	7.91E-07	7	
GRB060502B	208275	4.92E-08	0.176	
GRB060502A	208169	2.33E-06	44.63	
GRB060501 	208050	1.40E-06	40.27	
GRB060428B	207399	8.44E-07	128	
GRB060428A	207364	1.40E-06	49.77	
GRB060427 	207281	5.03E-07	71	
GRB060424 	206773	6.86E-07	40.94	
GRB060421 	206257	1.26E-06	19.67	
GRB060418 	205851	8.40E-06	219.1	
GRB060413 	205096	3.56E-06	217	
GRB060403 	203755	1.36E-06	39.34	
GRB060323 	202505	6.34E-07	29.6	
GRB060322 	202442	5.42E-06	319.8	
GRB060319 	202035	2.65E-07	12.43	
GRB060313 	201487	1.14E-06	0.884	
GRB060312 	201391	1.93E-06	58.7	
GRB060306 	200638	2.15E-06	68.27	
GRB060223B	192152	1.60E-06	12.52	
GRB060223A	192059	6.74E-07	12.96	
GRB060219 	191512	4.40E-07	65.31	
GRB060218 	191157	1.73E-06	359.6	
GRB060211B	181156	4.45E-07	29.76	
GRB060211A	181126	1.71E-06	146.4	
GRB060210 	180977	7.68E-06	368	
GRB060206 	180455	8.81E-07	14.26	
GRB060204B	180241	3.08E-06	195	
GRB060203 	180151	9.12E-07	77.9	
GRB060202 	179968	2.22E-06	217	
GRB060124 	178750	4.65E-07	14.75	
GRB060123 	  N/A 	 N/A 	 N/A 	
GRB060117 	177666	2.10E-05	28.26	
GRB060116 	177533	2.39E-06	114.4	
GRB060115 	177408	1.83E-06	159	
GRB060111B	176918	1.63E-06	63.72	
GRB060111A	176818	1.28E-06	18.23	
GRB060110 	176702	1.50E-06	28.15	
GRB060109 	176620	6.60E-07	128.7	
GRB060108 	176453	3.72E-07	17.25	
GRB060105 	175942	1.82E-05	87.59	
GRB060102 	175603	2.34E-07	23	
GRB051227 	174738	7.04E-07	123.6	
GRB051221B	173904	9.80E-07	49.58	
GRB051221A	173780	1.16E-06	2.124	
GRB051213 	172516	7.97E-07	77.31	
GRB051210 	171931	8.60E-08	1.46	
GRB051117B	164279	1.75E-07	9.608	
GRB051117A	164268	4.42E-06	186.1	
GRB051114 	163844	1.24E-07	3	
GRB051113 	163765	2.58E-06	98.08	
GRB051111 	163438	4.27E-06	96	
GRB051109B	163170	2.65E-07	18.96	
GRB051109A	163136	2.17E-06	44.3	
GRB051105A	162580	1.67E-08	0.068	
GRB051021B	160672	8.94E-07	59.33	
GRB051016B	159994	1.67E-07	4.504	
GRB051016A	159913	8.41E-07	23	
GRB051012 	159413	2.72E-07	12.8	
GRB051008 	158855	5.14E-06	38.26	
GRB051006 	158593	1.35E-06	40.94	
GRB051001 	157870	1.76E-06	224.7	
GRB050925 	156838	7.47E-08	0.104	
GRB050922C	156467	1.62E-06	6.8	
GRB050922B	156434	2.37E-06	249.2	
GRB050916 	155408	1.13E-06	98.23	
GRB050915B	155284	3.56E-06	66.04	
GRB050915A	155242	8.36E-07	65.98	
GRB050911 	154630	3.20E-07	16.96	
GRB050908 	154112	4.83E-07	22.66	
GRB050906 	153866	5.61E-09	0.064	
GRB050904 	153514	5.21E-06	230.5	
GRB050827 	152325	2.10E-06	67.31	
GRB050826 	152113	4.20E-07	39.79	
GRB050824 	151905	2.78E-07	27.15	
GRB050822 	151486	2.51E-06	135.2	
GRB050820B	151334	2.13E-06	15.33	
GRB050820A	151207	3.83E-06	261.4	
GRB050819 	151131	3.48E-07	47.3	
GRB050815 	150532	9.82E-08	3.452	
GRB050814 	150314	1.91E-06	180	
GRB050813 	150139	4.19E-08	0.436	
GRB050803 	148833	2.16E-06	105.5	
GRB050802 	148646	2.21E-06	33.47	
GRB050801 	148522	3.09E-07	25.64	
GRB050730 	148225	2.36E-06	177.8	
GRB050726 	147788	1.96E-06	56.46	
GRB050724 	147478	1.01E-06	107.2	
GRB050721 	146970	3.98E-06	153.2	
GRB050717 	146372	6.34E-06	209.2	
GRB050716 	146227	6.33E-06	90.06	
GRB050715 	146129	1.75E-06	207	
GRB050714B	145994	6.30E-07	54.76	
GRB050713B	145754	4.35E-06	177.4	
GRB050713A	145675	5.13E-06	190.7	
GRB050712 	145581	1.09E-06	60.57	
GRB050701 	143708	1.36E-06	33.14	
GRB050607 	132247	6.11E-07	48	
GRB050603 	131560	8.21E-06	41	
GRB050528 	130679	4.43E-07	13.1	
GRB050525A	130088	1.56E-05	12.8	
GRB050509B	118749	7.13E-09	0.028	
GRB050509A	118707	3.38E-07	13.04	
GRB050507 	118248	3.10E-07	18	
GRB050505 	117504	2.49E-06	62.57	
GRB050502B	116116	4.72E-07	20.49	
GRB050422 	115214	6.06E-07	80	
GRB050421 	115135	9.29E-08	8.696	
GRB050418 	114893	5.23E-06	88.91	
GRB050416B	114797	1.15E-06	4.124	
GRB050416A	114753	4.13E-07	9.452	
GRB050412 	114485	6.50E-07	32.19	
GRB050410 	114299	4.56E-06	64	
GRB050406 	113872	7.77E-08	6.4	
GRB050401 	113120	8.09E-06	33.71	
GRB050326 	112453	8.84E-06	42.26	
GRB050319 	111622	1.33E-06	161.9	
GRB050318 	111529	1.14E-06	30.34	
GRB050315 	111063	3.17E-06	125.2	
GRB050306 	107547	1.16E-05	191.2	
GRB050223 	106709	6.48E-07	28.58	
GRB050219B	106442	1.61E-05	74.16	
GRB050219A	106415	4.27E-06	36.21	
GRB050215B	106107	2.35E-07	15.44	
GRB050215A	106106	6.39E-07	71.39	
GRB050202 	104298	3.12E-08	0.128	
GRB050128 	103906	5.21E-06	33	
GRB050126 	103780	8.85E-07	48	
GRB050124 	103647	1.22E-06	6.964	
GRB050117 	102861	8.90E-06	211.6	
GRB041228 	100970	3.56E-06	73.44	
GRB041226 	100815	1.45E-07	9.2	
GRB041224 	100703	9.00E-06	225.6	
GRB041223 	100585	1.70E-05	156.5	
GRB041220 	100433	3.66E-07	7.02	
GRB041219C	100380	1.14E-06	12	
GRB041219B	100368	2.80E-07	28.8	
GRB041219A	100307	 N/A 	 N/A 	
GRB041217 	100116	2.81E-06	7.064	
